9.445472648559716244e-03
3.049335769193946277e-02
5.982451918511125233e-02
9.418928356892558584e-02
1.315058507090296203e-01
1.611394279878838875e-01
1.802380735149099744e-01
1.917419723110478647e-01
1.986501112585444540e-01
2.029024281256278095e-01
2.028926779908419020e-01
2.029107482365981874e-01
2.028888415713528681e-01
2.029186774544561034e-01
2.028937224727717648e-01
2.029044503145427114e-01
2.028932266755412162e-01
2.029231506575197297e-01
4.271552939898220491e-01
6.485332572320554601e-01
8.700625602397336067e-01
1.091647665169805492e+00
1.312711160430865442e+00
1.534074116300555790e+00
1.755998018122205240e+00
1.976039098593044274e+00
1.977324768108980058e+00
1.977148760649908965e+00
1.975961171609028622e+00
1.977419117966252360e+00
1.979119286036841618e+00
1.976394367015191778e+00
1.977980672808814955e+00
1.979414715610930298e+00
1.978092051668772111e+00
1.977910231096669191e+00
1.977550119208946189e+00
1.977907084974923180e+00
1.977773127515089380e+00
1.977888848904449715e+00
1.978031654495264968e+00
1.977938071196762682e+00
1.978105124888281274e+00
1.976983614379717480e+00
1.978103373072271687e+00
1.978225131204119469e+00
1.978287982164596448e+00
1.978246503489626384e+00
1.978275626033848988e+00
1.978175665476292311e+00
1.977787125176765359e+00
1.977152625408119757e+00
1.979338346194366105e+00
1.977299957835368716e+00
1.978452614453334979e+00
1.978491002268001786e+00
1.977324958602916238e+00
1.978554246277992812e+00
1.978654423619672142e+00
1.977968003759191351e+00
1.978653730248985498e+00
1.978696305213428319e+00
1.977540570604839232e+00
1.977430972445454405e+00
1.978715520728225430e+00
1.978851118465817294e+00
1.979160480452613058e+00
1.978948830265145897e+00
1.978395067214625325e+00
1.978735946237119236e+00
1.979103255416446938e+00
1.979130599531141899e+00
1.978616084234447570e+00
1.978050626364123987e+00
1.979164644572553478e+00
1.979396289733744485e+00
1.979347495704053328e+00
1.979372908985298274e+00
1.979502292038430200e+00
1.979379813373171482e+00
1.979544394371189453e+00
1.978542201010835999e+00
1.979501890582008539e+00
1.979811863672054750e+00
1.979458183291787021e+00
1.979776822974123496e+00
1.979754807298109709e+00
1.979584376406308799e+00
1.979641164869845982e+00
1.979991712057861397e+00
1.979613231098072301e+00
1.979921254980878231e+00
1.979294267637057070e+00
1.979289451286428969e+00
1.978530261973858284e+00
1.979359278586613868e+00
1.979997737835278215e+00
1.979265056827339997e+00
1.980037936057888137e+00
1.979985517683381158e+00
1.979836524275450538e+00
1.979173827693689436e+00
1.979788295625224404e+00
1.980116047540093405e+00
1.979007565976578453e+00
1.980189855455904091e+00
1.980519811817637033e+00
1.980157474049128563e+00
1.980286651290666056e+00
1.979522503063884553e+00
1.980458244699843551e+00
1.979567528102849527e+00
1.980722950317329811e+00
1.979503350848809795e+00
1.980682531671580593e+00
1.980433824487403127e+00
1.980870489237113174e+00
1.980725817368548913e+00
1.980622089667180452e+00
1.980585059544878845e+00
1.980924724117466784e+00
1.980713577528991243e+00
1.980750997281729209e+00
1.979620895076483089e+00
1.979936770851078220e+00
1.980853094936525061e+00
1.980879872919713236e+00
1.979903364947989575e+00
1.981159894852843051e+00
1.981008479302055925e+00
1.981016978417333707e+00
1.981162605541326283e+00
1.980526357876303933e+00
1.980414445047069760e+00
1.984946282164837150e+00
1.989067326492652610e+00
1.992230099973294255e+00
1.995969349898454537e+00
1.998951950438878855e+00
2.002636118023531253e+00
2.005445172437190227e+00
2.007893004834365946e+00
2.010512526056893012e+00
2.014309900102007056e+00
2.016786202539082584e+00
2.019330079750649265e+00
2.021023734718596199e+00
2.024397391880594199e+00
2.025816574375855161e+00
2.029221156817700766e+00
2.031172531570448747e+00
2.033273816442280779e+00
2.035581387459160840e+00
2.037839561416592282e+00
2.039167617431081325e+00
2.040987839884948585e+00
2.042751591381648968e+00
2.044631504247345966e+00
2.044939516477870534e+00
2.047634312350593788e+00
2.048940834331856475e+00
2.049663064805160140e+00
2.051987180745082906e+00
2.053598818958690231e+00
2.054887767441683000e+00
2.055848089739406248e+00
2.057433252696162285e+00
2.057354156444273663e+00
2.059261825996280937e+00
2.060584086367934109e+00
2.060829625593256331e+00
2.062279835782139248e+00
2.063195893374405010e+00
2.064158061393800647e+00
2.065049906449464512e+00
2.065629485858705205e+00
2.066743509174849169e+00
2.067411487380400814e+00
2.067887144028816238e+00
2.068543748693573825e+00
2.069400515796539608e+00
2.069750827743436883e+00
2.070393625037595609e+00
2.069885484713777313e+00
2.071283099150432960e+00
2.073064178319336648e+00
2.072478765295161285e+00
2.074606865004533507e+00
2.073005146200687321e+00
2.073661132076832114e+00
2.073947468864414834e+00
2.073988511602136597e+00
2.073637739655029399e+00
2.069507990654956942e+00
2.055661926129498163e+00
2.036980738515016931e+00
2.014285938184522617e+00
1.989234362627476216e+00
1.962143563750054609e+00
1.933443221683446733e+00
1.904522101929685629e+00
1.875145731720756048e+00
1.845594526844027916e+00
1.815961928995619035e+00
1.787146019531061114e+00
1.759649738778652939e+00
1.728873163643820154e+00
1.700782840588924039e+00
1.672843739657583706e+00
1.644954649260059742e+00
1.618799910510930529e+00
1.592539121973647553e+00
1.566967951173335427e+00
1.541986921484524764e+00
1.517550999785391097e+00
1.493723435036190761e+00
1.470131717843618402e+00
1.447936639828996341e+00
1.425940673566628680e+00
1.404515227479066430e+00
1.383574964806565388e+00
1.363300206446782070e+00
1.343521651010898710e+00
1.323841986683635508e+00
1.305509713601090693e+00
1.287248704031289437e+00
1.269118366494505379e+00
1.252150308541333690e+00
1.235096647661935831e+00
1.218909924440947812e+00
1.202889345748953343e+00
1.187392344597471450e+00
1.172100715078006949e+00
1.157320010872624261e+00
1.142852154068505932e+00
1.128872770777471279e+00
1.115103546965648507e+00
1.101718831287453959e+00
1.088761054530969385e+00
7.725334814438350461e-01
5.967592070598558562e-01
4.906464431955124272e-01
4.222111743306964371e-01
3.755901262072641189e-01
3.423856198754127167e-01
3.178996526718213533e-01
2.992990650279497844e-01
2.848627707618460736e-01
2.734180232732463245e-01
2.641939660784407007e-01
2.566699120875658990e-01
2.504447516711976740e-01
2.452524354644441407e-01
2.408652296619316624e-01
2.371439723405599775e-01
2.339626701398968833e-01
2.312165057328169904e-01
2.288362212819217145e-01
2.267759638518053178e-01
2.249736460121293524e-01
2.233895368541871373e-01
2.220007223903481541e-01
2.207629585197774802e-01
2.196700482587080339e-01
2.186969817697398955e-01
2.178566059058804905e-01
2.170630102447940746e-01
2.163686894951395157e-01
2.157446371481503700e-01
