7.128162940983057486e-03
2.302692502020848783e-02
4.513861591837268344e-02
7.103359240112090689e-02
9.915035581845763057e-02
1.214643344076633963e-01
1.358237993784992825e-01
1.444866909630771745e-01
1.497109639986289875e-01
1.529456882315950728e-01
1.529461464231367251e-01
1.529429760614561817e-01
1.529477212142848486e-01
1.529461464231367251e-01
1.529456882315950728e-01
1.529456882315950728e-01
1.529456882315950728e-01
1.529877640304757591e-01
3.705916341254170687e-01
5.975923896041726024e-01
9.334552603616559363e-01
1.238188164985927653e+00
1.533594021807969998e+00
1.817605006481562091e+00
2.099201640209010122e+00
2.368274404914083586e+00
2.334848370871714707e+00
2.278734330858177337e+00
2.223478412169187290e+00
2.172941118847209641e+00
2.128980487078832695e+00
2.090340548903303119e+00
2.057146023863776652e+00
2.031082454978236917e+00
2.010182424817218205e+00
1.993066848509768008e+00
1.979353753010015593e+00
1.968595595219785332e+00
1.960015731070782419e+00
1.952189175596284354e+00
1.946635380720273201e+00
1.943708391276883107e+00
1.940708154255248230e+00
1.938222803066775413e+00
1.936802812236755544e+00
1.934298697329577932e+00
1.933990962344819708e+00
1.933488383487662166e+00
1.932764357525299292e+00
1.932494109631677004e+00
1.932531565270772411e+00
1.931288147023055179e+00
1.932701774844165499e+00
1.932405650404113384e+00
1.932226150422133637e+00
1.932547902889658831e+00
1.932530790196393511e+00
1.931537945597322281e+00
1.931833424480390748e+00
1.933179014946065921e+00
1.932077844766274088e+00
1.933143215024832440e+00
1.932246198515890967e+00
1.933609365611927977e+00
1.933916006209365435e+00
1.933980766247275884e+00
1.934382404028097246e+00
1.934509799367905236e+00
1.933766103204144660e+00
1.934957769277210415e+00
1.935046728216617273e+00
1.934357540133115227e+00
1.935363307169835290e+00
1.935587392276329366e+00
1.935805686180219753e+00
1.936212204301407835e+00
1.936454884579624780e+00
1.936445224629896877e+00
1.936564294167567146e+00
1.936873774906352708e+00
1.937097821984366863e+00
1.936761861941870277e+00
1.936770783675232366e+00
1.937734825815607742e+00
1.937856779217791647e+00
1.938294706574160475e+00
1.938367656491914115e+00
1.938564114293513052e+00
1.937713791669805063e+00
1.939133933783406594e+00
1.939209882883732305e+00
1.939425661298565418e+00
1.938614622630766116e+00
1.939858001296363987e+00
1.940138491155596112e+00
1.940411802507330474e+00
1.940471933870350441e+00
1.939965430103963051e+00
1.940913079299259270e+00
1.941115226878807443e+00
1.941512788569152992e+00
1.940477060924233443e+00
1.942059925946389098e+00
1.942085399453153727e+00
1.941790358081929568e+00
1.942391485162184406e+00
1.942590518503213071e+00
1.942597887258808553e+00
1.942183243120467084e+00
1.943221391966378553e+00
1.943330262508184303e+00
1.943647419630528672e+00
1.943857478271995953e+00
1.944068058293817014e+00
1.944355366244089778e+00
1.943694166726791073e+00
1.944687774952041259e+00
1.944897065804861658e+00
1.945317287436598930e+00
1.945312581644988548e+00
1.945523639110306569e+00
1.944871194089539346e+00
1.945942104751917201e+00
1.946140336137835991e+00
1.946569455696007367e+00
1.946560263461145190e+00
1.946717643269524567e+00
1.947067034969549582e+00
1.947276232236242466e+00
1.947385910275734044e+00
1.947315462250416074e+00
1.947903616038159758e+00
1.948020202106693466e+00
1.948233410595305415e+00
1.971529272419000112e+00
1.991718671619583159e+00
2.010869757041324313e+00
2.026164222790588276e+00
2.040260649723090847e+00
2.053074061198634670e+00
2.063685793812803926e+00
2.075059188816471778e+00
2.084267001509515715e+00
2.092831366861710229e+00
2.099606224046010716e+00
2.107103841587621318e+00
2.112633988104882121e+00
2.119281358184711195e+00
2.124370481657507970e+00
2.130900695548364698e+00
2.133529386700536712e+00
2.136720929228554500e+00
2.140765195705494062e+00
2.143808565054342807e+00
2.147535620133709688e+00
2.150416152500772782e+00
2.152962144950609336e+00
2.155006476188336073e+00
2.157223889732706734e+00
2.158910704110998946e+00
2.160341336067653994e+00
2.160556854726973341e+00
2.162997510668898560e+00
2.163507240876453519e+00
2.164568505763479589e+00
2.164139900707199526e+00
2.166615501145225053e+00
2.166011997818980017e+00
2.165945823428315542e+00
2.165644064315601636e+00
2.165657486438377521e+00
2.166129496356891337e+00
2.164877101953115890e+00
2.164145974581490606e+00
2.163383022878218043e+00
2.162029189995292811e+00
2.161336588937539993e+00
2.162654056165526306e+00
2.158834101163415120e+00
2.157581093266553562e+00
2.155853176530319715e+00
2.154345180802436310e+00
2.152533695381317447e+00
2.150603127569427286e+00
2.148593234630481685e+00
2.147568275098550306e+00
2.144268074273358415e+00
2.142782557276574629e+00
2.138907045373757754e+00
2.137139331807536458e+00
2.134705192461957779e+00
2.131884716202244956e+00
2.129809915949766097e+00
2.014538044252671689e+00
1.889420477750266780e+00
1.766343389408735476e+00
1.650964968966516455e+00
1.543268080849693691e+00
1.446035058566778497e+00
1.358177096839830567e+00
1.278875189528863476e+00
1.207226430234397130e+00
1.142492593092070186e+00
1.083967114265653287e+00
1.030467169253197479e+00
9.818509600061720022e-01
9.374278239653246469e-01
8.969519422023730648e-01
8.593834580295885983e-01
8.248998888994155676e-01
7.931912152737050636e-01
7.639492087844684809e-01
7.365499624867801742e-01
7.112204144425015029e-01
6.876428466901767234e-01
6.658111150413512647e-01
6.451299995312250735e-01
6.259720530045348452e-01
6.079548972848047850e-01
5.909702759298874897e-01
5.750710588710433724e-01
5.601735856781956402e-01
5.459932332400700972e-01
5.328240161770184669e-01
5.201351295300051802e-01
5.081738733206736525e-01
4.968523582297402763e-01
4.864566612314077942e-01
4.759753772023966323e-01
4.663096851289639799e-01
4.571186598342812935e-01
4.483655083120103857e-01
4.401201709374623627e-01
4.321107105743817733e-01
4.244564761703596423e-01
4.172023172632061683e-01
4.102546557730951116e-01
4.036246362707273105e-01
3.972367259976379850e-01
2.811664451079131100e-01
2.295070555529331036e-01
2.033389605362564134e-01
1.886344324575722764e-01
1.795607244017993487e-01
1.736090899413319788e-01
1.695288694588890921e-01
1.666079605282663745e-01
1.644781498972806288e-01
1.628065488521237281e-01
1.615872550143549469e-01
1.606099547353856127e-01
1.598378534889239588e-01
1.592286213857761201e-01
1.587222190728100335e-01
1.583394783157107133e-01
1.579834451835612774e-01
1.577483944274983285e-01
1.575784593142788015e-01
1.573757960638782760e-01
1.572292457579091696e-01
1.571176868756209988e-01
1.570291193763174165e-01
1.569574143670054434e-01
1.569046465297595783e-01
1.569191114020344613e-01
1.568284245346580619e-01
1.568175267295909281e-01
1.569100486413111950e-01
1.567887166358545858e-01
