7.255490200793470248e-03
2.355780669619678136e-02
4.633286832070689781e-02
7.307995911147122103e-02
1.021112774537084322e-01
1.254478473536467520e-01
1.404860774514920529e-01
1.497088893997603198e-01
1.553125316279432289e-01
1.588786762527291674e-01
1.588553704371490072e-01
1.588721124916248895e-01
1.588642528282260546e-01
1.588532613503585711e-01
1.589363662254356102e-01
1.588483080809410253e-01
1.588532613503585711e-01
1.588532613503585711e-01
3.780749242750708894e-01
6.057789996413277533e-01
9.342977482579106763e-01
1.229262712362163334e+00
1.510287154670933774e+00
1.781136494459836461e+00
2.044273148027466735e+00
2.301673400720155360e+00
2.256080723625957685e+00
2.203736011544752849e+00
2.162992469528076889e+00
2.134836857192910831e+00
2.117789162365920852e+00
2.109864731458712228e+00
2.109108159630617152e+00
2.114346636934474777e+00
2.123041475560454749e+00
2.136345583421514149e+00
2.150583238176197121e+00
2.165790480329270018e+00
2.180845567410608865e+00
2.196975282761934434e+00
2.212264384008857832e+00
2.225902987086841200e+00
2.240938449346380423e+00
2.253088560817680719e+00
2.266349603499219434e+00
2.277283752651285909e+00
2.288558823379060136e+00
2.298309426614206785e+00
2.307369558800067111e+00
2.315607197351634117e+00
2.323167586362544057e+00
2.330135847092029699e+00
2.336553016468319477e+00
2.341496952239704221e+00
2.346543162660708504e+00
2.351898590059040117e+00
2.356052057364483865e+00
2.359908365969237032e+00
2.363209676943578419e+00
2.366236732315277980e+00
2.368661819372295252e+00
2.371217022847022182e+00
2.373128510557617421e+00
2.374875327380399082e+00
2.376201456708216142e+00
2.377297780749523248e+00
2.378177298240696125e+00
2.378678011037530737e+00
2.379009935246939378e+00
2.377899831792120722e+00
2.378979971160717799e+00
2.378647439055673996e+00
2.378116314862336989e+00
2.377603887100820490e+00
2.376373943836465941e+00
2.375434566083690857e+00
2.374162003573040192e+00
2.372744121916426696e+00
2.372771858950335933e+00
2.368238302881467749e+00
2.367728805988052798e+00
2.365661138130776830e+00
2.363571494715554167e+00
2.361319351434403302e+00
2.359184455007761194e+00
2.356566646661796494e+00
2.354291941677608246e+00
2.351944813059676509e+00
2.348618109532744747e+00
2.345782030006218211e+00
2.342867404019630673e+00
2.340099597783315222e+00
2.336903508543938912e+00
2.333666134011491700e+00
2.330370934480026079e+00
2.327079409046330483e+00
2.323320884649095142e+00
2.320333986370995305e+00
2.316862202317300667e+00
2.313499481450484563e+00
2.309618070219776609e+00
2.306131783155409121e+00
2.302529892458038407e+00
2.298768080591780283e+00
2.294994941394270960e+00
2.291299038636609442e+00
2.287321013619806997e+00
2.283697400382846965e+00
2.279648089369220809e+00
2.275682374980409151e+00
2.271734247267147566e+00
2.268235795560646029e+00
2.263750653900485688e+00
2.259720131915480934e+00
2.255677125409449868e+00
2.251648926719397092e+00
2.247531839570045875e+00
2.243410853646988112e+00
2.239225428206737867e+00
2.235169925953514714e+00
2.231006811654021593e+00
2.226876569212293600e+00
2.222683000202448689e+00
2.218463772360628194e+00
2.214300990841027605e+00
2.210112715144301632e+00
2.205867708914627467e+00
2.201687630981569832e+00
2.197815390867002172e+00
2.193298416297081666e+00
2.189068940478108960e+00
2.184812132227479609e+00
2.179631573449102522e+00
2.176935236323440215e+00
1.787357489873282246e+00
1.497326805825394791e+00
1.278476747072704089e+00
1.107469425974758392e+00
9.727744360945974611e-01
8.645179883700887524e-01
7.745281581386848080e-01
7.000183657652008229e-01
6.375492535363279645e-01
5.834637126638912985e-01
5.370642410298376301e-01
4.974066550725887437e-01
4.620428922514672743e-01
4.299346503216505133e-01
4.018950494333449197e-01
3.774154602355354049e-01
3.542204741603802720e-01
3.337115090732286626e-01
3.148394375554169899e-01
2.979026680873329558e-01
2.821744959367924466e-01
2.676849395597111769e-01
2.541077367491635375e-01
2.415023352553430092e-01
2.303742498334725997e-01
2.187909702995880779e-01
2.083429712699685632e-01
1.991998076033239806e-01
1.899457532916901670e-01
1.804996579979361582e-01
1.721418753461400608e-01
1.645431035448272072e-01
1.566347909348935752e-01
1.492677216994808542e-01
1.423058832981288213e-01
1.363604369285254247e-01
1.296176871629940441e-01
1.229004568903079991e-01
1.169344158195913946e-01
1.113311201991093180e-01
1.060223920891105870e-01
1.000864126925948561e-01
9.512939417833805866e-02
9.014401822552543797e-02
8.508277777879071080e-02
7.983622402314599631e-02
7.509813146716178001e-02
7.076239915662548008e-02
6.608950216454283211e-02
6.219373437566980828e-02
5.807297478479148817e-02
5.359675180994725313e-02
4.941469244205567990e-02
4.607995660596841958e-02
4.214614379331725613e-02
3.812434264527198025e-02
3.452320528647267323e-02
3.121684841689108605e-02
2.738597054195084091e-02
-3.266743392417802150e-02
-6.576934677927663564e-02
-8.161223979918846849e-02
-8.748525287554678731e-02
-8.636128961341837940e-02
-8.188451627262430255e-02
-7.490903809689876403e-02
-6.684245282768931651e-02
-5.801388242466301581e-02
-4.931432166722249377e-02
-4.085225392852676746e-02
-3.281076611477422300e-02
-2.496648991313643942e-02
-1.736810323377353110e-02
-1.039716750658995631e-02
-3.869621836714901095e-03
2.310096986601132153e-03
8.154948923659709886e-03
1.377065965231909911e-02
1.884247162884894120e-02
2.373575781664803708e-02
2.831110043571397755e-02
3.267563757350151060e-02
3.680565348747699694e-02
4.061845783292933332e-02
4.431939349251261956e-02
4.782726568872345402e-02
5.126437221636092473e-02
5.427164772729383552e-02
5.726047985392444806e-02
6.012737577315475229e-02
6.292055302465439370e-02
6.547908289462157916e-02
6.806724639018284229e-02
7.033421186903238143e-02
7.264241771506106671e-02
7.480474191489287772e-02
7.690327086440770787e-02
7.892764915764353961e-02
8.086523731120753844e-02
8.274744940439750229e-02
8.450762224966314184e-02
8.623672185840752791e-02
8.788285091797168325e-02
8.951735752536005286e-02
9.104620782808936497e-02
1.224210983573466444e-01
1.377568331036428673e-01
1.460777607000932343e-01
1.508972565456787318e-01
1.539811381015145364e-01
1.560588568290275924e-01
1.574294632557994844e-01
1.584268161497307537e-01
1.591832632092227418e-01
1.597209858177451314e-01
1.601279970708168188e-01
1.604962678576526136e-01
1.607505861451433704e-01
1.610708376786017526e-01
1.611486154893387313e-01
1.613771968651850908e-01
1.614489755532468596e-01
1.615738354154216128e-01
1.616537065902271253e-01
1.617508206052828967e-01
1.618297533644681985e-01
1.619641598981259589e-01
1.619912162501516983e-01
1.620469503886953766e-01
1.621169990305381947e-01
1.622089929443527867e-01
1.622350343348173685e-01
1.623295101004250396e-01
1.623456563821346343e-01
1.623795750429700147e-01
