1.054172777828959369e+02
2.108944971792776073e+02
3.163615433326871198e+02
4.218330809937577897e+02
5.273011573033011246e+02
5.273545011078729203e+02
5.273574519866790524e+02
5.273541729237376785e+02
5.273668299907267283e+02
5.273251202372241551e+02
5.273581963932113013e+02
5.273413150080741616e+02
5.273661142585021935e+02
5.273570609014052479e+02
5.273574519866790524e+02
5.273412459439680333e+02
5.273502785535777093e+02
5.273541729237376785e+02
1.092792294832029484e+03
1.687207198333580664e+03
2.523866327320462460e+03
3.264366176143630128e+03
3.967823799196436084e+03
4.638407275264321470e+03
5.285661537029912324e+03
5.909288730141884116e+03
5.715927358290432494e+03
5.502725908743242144e+03
5.315582131055820355e+03
5.160326236135274485e+03
5.033726850794113489e+03
4.930118181250616544e+03
4.846710305582295405e+03
4.779138931205196968e+03
4.723412203567368124e+03
4.675865480835544076e+03
4.634194887383291643e+03
4.596267413982699509e+03
4.560647309668927846e+03
4.526131858163367724e+03
4.491970730729454772e+03
4.457943253549802648e+03
4.422839121418258401e+03
4.387372118947141644e+03
4.351096969177958272e+03
4.314032656125927133e+03
4.276206216004730777e+03
4.238097842433810911e+03
4.198828905425350968e+03
4.159222083525538437e+03
4.119089327756605599e+03
4.078946489333123736e+03
4.038723970189764714e+03
3.998202626221668652e+03
3.957905142971455462e+03
3.917910638472342725e+03
3.878086323874540994e+03
3.838566951447758129e+03
3.799424934756286802e+03
3.760685243874901516e+03
3.722270194516640004e+03
3.684526552877733138e+03
3.647141766565490343e+03
3.610258494249892919e+03
3.573907053273998827e+03
3.538079230865037516e+03
3.502779734201899828e+03
3.467993839640660553e+03
3.433797034056295161e+03
3.400089964977262753e+03
3.366936747460174047e+03
3.334344010102922311e+03
3.302018054069691061e+03
3.270708374475725577e+03
3.239598271927159658e+03
3.209020126974166942e+03
3.179172277314286021e+03
3.149684026401538176e+03
3.120658809380248840e+03
3.092158403464253297e+03
3.064016286502136609e+03
3.036484391820062683e+03
3.009365107362973049e+03
2.982859255057061091e+03
2.956679568006140471e+03
2.930829005920973941e+03
2.905538975073307938e+03
2.880752909117744821e+03
2.856291206522785160e+03
2.834288712622374533e+03
2.810651475104377369e+03
2.787409017961063910e+03
2.764426571120020981e+03
2.741897739428624391e+03
2.717782803434850393e+03
2.697967053440048858e+03
2.676283827056726750e+03
2.655437235352181688e+03
2.634668732732491662e+03
2.614277099731180442e+03
2.594714472718260822e+03
2.574412945478008169e+03
2.554889870720528506e+03
2.535795668974611090e+03
2.516983517177040540e+03
2.498442154088426832e+03
2.480091706401253759e+03
2.461828092410434692e+03
2.444635977494771851e+03
2.426942204534602297e+03
2.409401439977352766e+03
2.392846015461073875e+03
2.376213847246177920e+03
2.360171640949707580e+03
2.343575773655407374e+03
2.327221924280986059e+03
2.312019046005248583e+03
2.296542956551907992e+03
2.281192104485526670e+03
2.266314355560344211e+03
2.251382289062522432e+03
2.237039290817995607e+03
2.222391867453045506e+03
2.207906958335264335e+03
2.194416506573021252e+03
2.180180712568486342e+03
2.166735115200540804e+03
2.153350180357145746e+03
2.140124446834048740e+03
2.127199998968097134e+03
2.114181893983971349e+03
2.101486895280744193e+03
2.088932110351391657e+03
2.076593932196078185e+03
1.423763524032963460e+03
1.096813993009653359e+03
9.153773342404230107e+02
8.058189448324560544e+02
7.352345034729980853e+02
6.873407208219128961e+02
6.534470312861883485e+02
6.286684943952856202e+02
6.100515593276361415e+02
5.957163430588223036e+02
5.845175890454597720e+02
5.756491471304326524e+02
5.684793424485176274e+02
5.626269020991124989e+02
5.578107984777398087e+02
5.538105571367124185e+02
5.504475569771029768e+02
5.476049847207511903e+02
5.451984170853776277e+02
5.431300875401097983e+02
5.413808265411273624e+02
5.398476852936915975e+02
5.385305119021511473e+02
5.373670788661107736e+02
5.363568608964570785e+02
5.354654285222879935e+02
5.346922016516397207e+02
5.340214974567259105e+02
5.333900902710261107e+02
5.328427327616089997e+02
5.323573181111969461e+02
5.319656682634337130e+02
5.315196461287489456e+02
5.311786641095227424e+02
5.309019224905723604e+02
5.305898240729618465e+02
5.303210020299920870e+02
5.300701565600514868e+02
5.298904284955142430e+02
5.297515147260080539e+02
5.295314108816752423e+02
5.293660665319126792e+02
5.292191671222788045e+02
5.290875741513515322e+02
5.290019879147829442e+02
5.288421554218411984e+02
5.287599254028809810e+02
5.286592511006678023e+02
5.285754217395547130e+02
5.284947409459492746e+02
5.284192862185266222e+02
5.283992866400271851e+02
5.283120047993704702e+02
5.282241902498525405e+02
5.282399463355393436e+02
5.281123614682625202e+02
5.280557902576911147e+02
5.280395206766633009e+02
5.280120810475631288e+02
5.275900272418767827e+02
5.274149828873446495e+02
5.273880326080594614e+02
5.273675308400222548e+02
5.273422874808320557e+02
5.273579046923066471e+02
5.273580348337866326e+02
5.273710876867635307e+02
5.273570083190309106e+02
5.274430731540618353e+02
5.273591897909855106e+02
5.273564980801176034e+02
5.273595248705622680e+02
5.273732962327635505e+02
5.273627251968100609e+02
5.273571255073065913e+02
5.273918476533499415e+02
5.273527719678132826e+02
5.274118860830019457e+02
5.274134881518475595e+02
5.273534993134510387e+02
5.273551670311844646e+02
5.273606112610729042e+02
5.273590024957352398e+02
5.273431594061922851e+02
5.273490394388751383e+02
5.273524672691291926e+02
5.273608006348745221e+02
5.273593130114088581e+02
5.274005247181536333e+02
5.273392104347261693e+02
5.273516072938879233e+02
5.273556160791960110e+02
5.273988669292812119e+02
5.273541745404204448e+02
5.273556938542868693e+02
5.273700465061818932e+02
5.273611777946314305e+02
5.273515357185010544e+02
5.273194621172091274e+02
5.273484759302268685e+02
5.273711804256710138e+02
5.273547293007341068e+02
5.273545390353186804e+02
5.273530504161421959e+02
5.273517874828536378e+02
5.273545771672788760e+02
5.273480906058923665e+02
5.273511989889994993e+02
5.273541729237376785e+02
5.273514976163920664e+02
5.273671451962416086e+02
5.273541729237376785e+02
5.273591823271827934e+02
5.273719461705978802e+02
5.273234573280174118e+02
5.273647719162357816e+02
5.273747818073683220e+02
5.273500454843830312e+02
5.273664703320574745e+02
5.273544794249131655e+02
5.273576764522020994e+02
5.273262660589180086e+02
5.273192100930438073e+02
5.273607818064846242e+02
5.273520459398636149e+02
5.273541729237376785e+02
5.273477884835845089e+02
5.273524854306560883e+02
5.273578005246081375e+02
5.273379875817598759e+02
5.273570609014052479e+02
5.273527851633655246e+02
5.273546718498391783e+02
5.273538662729001771e+02
5.273503890087507671e+02
