8.966136704803371466e-03
2.976286344244568824e-02
5.894772037342292659e-02
9.323970482151569539e-02
1.305162301659610613e-01
1.606026279823334901e-01
1.799413783457372851e-01
1.915773206335008028e-01
1.985488598570255836e-01
2.028315867886398838e-01
2.028378582105190286e-01
2.028347802731787775e-01
2.028334546076894229e-01
2.028185521108939737e-01
2.028202314918791938e-01
2.028345413962759913e-01
2.028330715066830325e-01
2.028344988559115658e-01
4.183957653293157164e-01
5.509280767649493704e-01
7.051652255576640327e-01
9.142578924983016941e-01
1.097733841047887626e+00
1.264817568508257439e+00
1.422605284343978926e+00
1.571499568443522454e+00
1.489770592730982113e+00
1.407204408007112884e+00
1.340523682784686477e+00
1.285379607156587944e+00
1.240173662558212264e+00
1.203293204526800775e+00
1.173625625201201395e+00
1.149214436987080701e+00
1.132007806968014174e+00
1.118601115265314139e+00
1.107205643323423416e+00
1.098491738831168574e+00
1.090729720539845404e+00
1.086328189446995829e+00
1.082253502410124746e+00
1.078545586085708274e+00
1.076700034684317187e+00
1.074811992741428579e+00
1.073406031309436237e+00
1.071569205843274863e+00
1.071528151278641205e+00
1.071105313160728878e+00
1.070541340903985894e+00
1.069574126311653384e+00
1.069504931451928043e+00
1.069128357709247412e+00
1.069599137853965098e+00
1.068852002717275651e+00
1.069484952025088420e+00
1.067821924620138363e+00
1.069372196152307719e+00
1.069238468491066740e+00
1.069292605747178992e+00
1.069246528664386409e+00
1.069222630768792204e+00
1.067661882732105605e+00
1.068635988069792209e+00
1.069145364930734088e+00
1.069114371800343966e+00
1.069260029002861989e+00
1.069277898765461421e+00
1.069164623039354556e+00
1.068432005600820522e+00
1.069280434091854026e+00
1.068857924199724918e+00
1.069351287285677188e+00
1.069348369409727662e+00
1.069440412714982358e+00
1.069510279437968947e+00
1.069444686372045483e+00
1.069599586561045701e+00
1.069651912918175185e+00
1.068752671189540093e+00
1.069607965277307615e+00
1.069849596193457097e+00
1.069717500810990263e+00
1.069680495346029714e+00
1.069868040804012210e+00
1.069813870430326830e+00
1.069346149576919203e+00
1.067647779202181235e+00
1.069856692801202769e+00
1.070063878530507662e+00
1.069921117329543536e+00
1.070152870941441625e+00
1.070135119370532406e+00
1.070025161506312550e+00
1.070191837059239592e+00
1.069669833243841461e+00
1.070354948407611806e+00
1.070388017278225412e+00
1.070242778271755402e+00
1.069949764775938839e+00
1.070514582574703333e+00
1.070594795027593582e+00
1.070619310507632260e+00
1.070665790560620056e+00
1.070705402330756506e+00
1.070667052781809403e+00
1.070796031740185228e+00
1.070832201353171254e+00
1.070861458404113398e+00
1.070992079764496063e+00
1.070993312660603713e+00
1.071003968796779837e+00
1.070977266270538353e+00
1.070999894750792825e+00
1.069081100625823622e+00
1.071201813745814357e+00
1.070343859549149235e+00
1.070707811861695280e+00
1.071461668961440683e+00
1.070479045094517856e+00
1.071063336984339420e+00
1.071553553364015254e+00
1.070134604922306165e+00
1.070201446272650792e+00
1.071630694815979723e+00
1.071613243483390265e+00
1.071729042194649484e+00
1.071730859888550658e+00
1.070978922479605577e+00
1.071911075703971594e+00
1.071808776479803882e+00
1.071334433597342928e+00
1.072022703543028976e+00
1.071101445392371510e+00
1.071454767879723269e+00
1.078925309769665386e+00
1.085804190428561355e+00
1.091801362663078701e+00
1.097926889057456945e+00
1.104949490953451408e+00
1.111132854554594873e+00
1.117902478988574311e+00
1.124115993226060040e+00
1.130161634083370448e+00
1.137303388585198416e+00
1.143481344612745643e+00
1.149530709495820480e+00
1.154770995596091199e+00
1.161329169864493416e+00
1.166293012574646015e+00
1.172221993605463419e+00
1.177782447111536346e+00
1.184182895054612716e+00
1.189869907306751351e+00
1.195057087590447154e+00
1.200582897641254032e+00
1.205911378044831395e+00
1.211340342092951161e+00
1.215696310343852504e+00
1.221446519568275768e+00
1.226587668643391194e+00
1.230918392248228965e+00
1.236598628184135240e+00
1.240511978061089149e+00
1.246424872914427606e+00
1.250644091852013640e+00
1.255825401722393764e+00
1.260177393188504302e+00
1.264819127463499004e+00
1.269657246981726662e+00
1.274157292516950868e+00
1.278542065971625563e+00
1.282854606841597134e+00
1.287221484811861272e+00
1.291250061906019431e+00
1.295295768934461966e+00
1.299968363368577462e+00
1.303548419364458422e+00
1.307894235313517450e+00
1.311721941256138502e+00
1.316363749918000758e+00
1.320228038389566150e+00
1.324071856557485161e+00
1.327513537759598572e+00
1.331333372263050707e+00
1.335644545674145700e+00
1.340974370900691826e+00
1.342938342109841976e+00
1.346536497746923633e+00
1.349429162084446299e+00
1.353656894862941273e+00
1.356629085489946984e+00
1.360630510262749837e+00
1.363963186001358352e+00
1.440375329914200364e+00
1.496092501531982810e+00
1.538001747834401689e+00
1.567675738670061270e+00
1.587666435752765892e+00
1.602649592053078109e+00
1.609227005505750263e+00
1.613186859399441619e+00
1.611815100175221449e+00
1.607941141798421514e+00
1.602364327922253917e+00
1.594020548985134234e+00
1.585001738104126146e+00
1.574265132771216047e+00
1.562466057610892856e+00
1.549992040755890033e+00
1.536728333035389138e+00
1.522407204305971540e+00
1.508836330388098723e+00
1.494498745685111096e+00
1.479914327172651589e+00
1.465186224949621696e+00
1.450347390865736052e+00
1.435571277406934465e+00
1.420324006415443874e+00
1.405984562761043444e+00
1.391193109921091464e+00
1.376804616946899706e+00
1.362367868358592471e+00
1.348152023108376119e+00
1.334137217257550745e+00
1.320225096638262707e+00
1.306463444597948165e+00
1.292945274220022700e+00
1.279438213442604111e+00
1.266495362760694521e+00
1.253523062808946431e+00
1.240767407650888776e+00
1.228255299104545895e+00
1.215905305779522161e+00
1.203749213650365135e+00
1.191873013807723147e+00
1.180133041779393377e+00
1.168643983064161507e+00
1.157195127896915032e+00
1.146233396190318166e+00
8.459606472434127999e-01
6.661901807860797220e-01
5.517251217181039502e-01
4.750049475965262835e-01
4.210215374097981966e-01
3.816631471715591917e-01
3.520972026884537920e-01
3.292569697357890512e-01
3.112571401072827815e-01
2.968150619373926546e-01
2.850387541576717143e-01
2.753061313873002569e-01
2.672063094485027102e-01
2.603915284600464286e-01
2.545877054689670849e-01
2.496180959157884849e-01
2.453439831061844378e-01
2.416245598117805204e-01
2.384125619752936465e-01
2.355707303720409318e-01
2.330813710267992944e-01
2.308888392237161968e-01
2.289340279609121398e-01
2.272066134343744548e-01
2.256531952602326418e-01
2.242809974907092052e-01
2.230357932567623158e-01
2.219304379080813128e-01
2.209274585387109580e-01
2.200059413739451075e-01
