9.444733428492023408e-03
3.049325511275917736e-02
5.981573465938930939e-02
9.419410000992627097e-02
1.314992551228385542e-01
1.611373944103274836e-01
1.802352352084969356e-01
1.917325269792889697e-01
1.986442337408989012e-01
2.029061379960028499e-01
2.028979329404812793e-01
2.028967698295465194e-01
2.028991131601353137e-01
2.028967346003959227e-01
2.028852196452348711e-01
2.028976930827393610e-01
2.028963530208686417e-01
2.028959315738519398e-01
2.277273339732626689e-01
2.498515142780983744e-01
2.720617293560980698e-01
2.942477797355415037e-01
3.165716746754718147e-01
3.395776826404600657e-01
3.631539213043372127e-01
3.867712587219597209e-01
4.083488079863026310e-01
4.181433568100935694e-01
4.393332528133167547e-01
4.695737680886580834e-01
4.993582125952916173e-01
5.273150825657246799e-01
5.528202224055220881e-01
5.779065800728365732e-01
6.028729241486158186e-01
6.275966755260591334e-01
6.523066809041049297e-01
6.777567724865153354e-01
7.027813656959133182e-01
7.277255305011823827e-01
7.521764077460371123e-01
7.762602199033863393e-01
8.001747378769648034e-01
8.240713982187306552e-01
8.482318419153392908e-01
8.717190195176940382e-01
8.950263629699258816e-01
9.188385060506578661e-01
9.417608829003903947e-01
9.654307683420156883e-01
9.884429157742384842e-01
1.012119267919189491e+00
1.035455811947214366e+00
1.058370418574891891e+00
1.081293155079512180e+00
1.104213540525169179e+00
1.127008435126144459e+00
1.149060042720019270e+00
1.172259580029787251e+00
1.194522827288558409e+00
1.216705513701448860e+00
1.239504996531063163e+00
1.261801012177116155e+00
1.284097448262184749e+00
1.307608977165613862e+00
1.330108576757171202e+00
1.352771876341578139e+00
1.375308287053515377e+00
1.397282880324285381e+00
1.420085130978218535e+00
1.441975707993677247e+00
1.464492612978092412e+00
1.487204833934346437e+00
1.509248206244035773e+00
1.532041821600305997e+00
1.554344430099102947e+00
1.576555147004314428e+00
1.598291621882731661e+00
1.621050621188617313e+00
1.643824406836281948e+00
1.666077364768993041e+00
1.687714567235058194e+00
1.709981319636520558e+00
1.732782850971986255e+00
1.755519946327157133e+00
1.777741607857931339e+00
1.800914745190568489e+00
1.821805206636943675e+00
1.844430948636907930e+00
1.867537197320553677e+00
1.889051521950810830e+00
1.910479685671583772e+00
1.933446933537145140e+00
1.954752109043629726e+00
1.977798249542821907e+00
1.998641489282741102e+00
2.022690107196756681e+00
2.043250459706754008e+00
2.035931964091877155e+00
2.026608027203322226e+00
2.017347823048951216e+00
2.008945497200449015e+00
2.003458290803387332e+00
1.996746647523958806e+00
1.992808275994244038e+00
1.990449679425155161e+00
1.986956232956736068e+00
1.985005725401751242e+00
1.983770692682996550e+00
1.981938925804194618e+00
1.982083586718223600e+00
1.981348077706488464e+00
1.980788369035152430e+00
1.979410586807672567e+00
1.979843973692847925e+00
1.978829991866150273e+00
1.979891484327802598e+00
1.979419724088741006e+00
1.979577472733863752e+00
1.977504868232856872e+00
1.979177440290286638e+00
1.978714611381683364e+00
1.978429168942599237e+00
1.978969482179458339e+00
1.978582116825368109e+00
1.978955226778279286e+00
1.978419084921834603e+00
1.978810708652913863e+00
1.978268764986116812e+00
1.978433067704572057e+00
1.978940658405015762e+00
1.977195827475895396e+00
1.977679211213685617e+00
1.979559099836785574e+00
1.978816955648044384e+00
1.978362902817107916e+00
1.978864618491915195e+00
1.978968351154686056e+00
1.977625868391268860e+00
1.978622391881810438e+00
1.978985203859706887e+00
1.978902032815287315e+00
1.978960396486435513e+00
1.978966589527128672e+00
1.979174801716091281e+00
1.978530500487944987e+00
1.979034632344564892e+00
1.978439909903500604e+00
1.978235051241455711e+00
1.979261164408419260e+00
1.978641957731367418e+00
1.979366429016343076e+00
1.978404189295881022e+00
1.978108994056642533e+00
1.978069388129143791e+00
1.978484001677250470e+00
1.979355898114846468e+00
1.978644685077565191e+00
1.980511317145991157e+00
1.978509087288075508e+00
1.978856251682483247e+00
1.979468140825352496e+00
1.978541089698462319e+00
1.978127469276446559e+00
1.978389681233412967e+00
1.978387870309023411e+00
1.978485402745170152e+00
1.979132189580762313e+00
1.979671148403555181e+00
1.978656542202511082e+00
1.982277376497574073e+00
1.986502645722893368e+00
1.989499493309889955e+00
1.994241304237642787e+00
1.997222199360654926e+00
2.000870339328480796e+00
2.004159680846138603e+00
2.008059912982761208e+00
2.009775175593041308e+00
2.012521196292398340e+00
2.015747568826658398e+00
2.017439446076472187e+00
2.021699111516339187e+00
2.023426342750532569e+00
2.024903596863152799e+00
2.027807932602330609e+00
2.030268871873555536e+00
2.032260958674553919e+00
2.034927853729178171e+00
2.036384656899826062e+00
2.037886108883937286e+00
2.040086125676399575e+00
2.041857635534625626e+00
2.043051382507310887e+00
2.045072200928575334e+00
2.046802493624774399e+00
2.048597904967718097e+00
2.049762863823648473e+00
2.051499831446836453e+00
2.052753178362112241e+00
2.053586755395311769e+00
2.055251596269584979e+00
2.056464079166739456e+00
2.057060313169634114e+00
2.057897895267196020e+00
2.059871377279182791e+00
2.060798921907075698e+00
2.061766697858551378e+00
2.062779860331651172e+00
2.063957330183332939e+00
2.063764612540885057e+00
2.065510773683523649e+00
2.065864724750688275e+00
2.066257673008842222e+00
2.067709937779686147e+00
2.069835433498578237e+00
2.068940480655370173e+00
2.069915308972106072e+00
2.071365499224587570e+00
2.070794776593465780e+00
2.071303898936117438e+00
2.072218241409379047e+00
2.071490041045187969e+00
2.072600793340237058e+00
2.073043080036275576e+00
2.072625507735727179e+00
2.078686680724469049e+00
2.076560070153737225e+00
2.074369450952891381e+00
2.069841731589735279e+00
2.055741639456939218e+00
2.037195013699248491e+00
2.016989571904695744e+00
1.989638462820971343e+00
1.963817453157461035e+00
1.935514087928006166e+00
1.905853540955052994e+00
1.878199370467393159e+00
1.847390393627078575e+00
1.819257144739546250e+00
1.788452094319487484e+00
1.758691745946613372e+00
1.730003099833650859e+00
1.702205366954870902e+00
1.673798233075794784e+00
1.646210131047602943e+00
1.619586288531068119e+00
1.593216905371045433e+00
1.567446947186845518e+00
1.542686219831156391e+00
1.518601704610360370e+00
1.494387676433740708e+00
1.470526477438183877e+00
1.448080836484907818e+00
1.426484182511255083e+00
1.404993013198602148e+00
1.384146434266458447e+00
1.363859338400288612e+00
1.343998148535317849e+00
1.324750926338211787e+00
1.305766981664748805e+00
1.287793025386794854e+00
1.269973276371126447e+00
1.252961113435023588e+00
1.235679527112864218e+00
1.219276004986698636e+00
1.202899949675196867e+00
1.187271124024749325e+00
1.172293994181545784e+00
1.157537012747598570e+00
1.143180868950127049e+00
1.129100109385592576e+00
1.115161440014808658e+00
1.101972645458858757e+00
1.088909771052906761e+00
7.729937100149761875e-01
5.971955077209617491e-01
4.908850599912328305e-01
4.222462549838307266e-01
3.755359444430776406e-01
3.422936211302883280e-01
3.178019570550710271e-01
2.992251319737230242e-01
2.847952629208501119e-01
2.733642404745418863e-01
2.641856374538770758e-01
2.566236216222496647e-01
2.504261305866960496e-01
2.452293903188725033e-01
2.408488455598073452e-01
2.371201629521055565e-01
2.339401461134924809e-01
2.311834967254066397e-01
2.288233635381445030e-01
2.267643568426830625e-01
2.249657397182118213e-01
2.233757937834994212e-01
2.219812962883213892e-01
2.207469769663479020e-01
2.196496906827475615e-01
2.186860935134479489e-01
2.178270386961290717e-01
2.170456679191166416e-01
2.163483116933088701e-01
2.157299872697699683e-01
