9.444472358286798430e-03
3.049491285227250159e-02
5.981889360138948480e-02
9.418569506852496331e-02
1.315048674522581174e-01
1.611402188724692097e-01
1.802321151213083783e-01
1.917294635135903813e-01
1.986376149198416097e-01
2.029018612695582258e-01
2.028862435208623194e-01
2.028917423340604320e-01
2.028950905699117568e-01
2.029024182867731896e-01
2.028917546544808381e-01
2.028953841657839263e-01
2.028982884465494185e-01
2.028842226219388922e-01
2.028923127214751487e-01
2.028949120125279892e-01
2.029010446854236371e-01
2.028968428349570419e-01
2.028987344074428545e-01
2.029146392253894371e-01
2.028949951205694380e-01
2.028942195810303772e-01
4.208452831803749516e-01
6.498298108142480656e-01
9.876118919229264215e-01
1.293516677839500417e+00
1.587684590415536556e+00
1.873347901803749771e+00
2.152233128769558856e+00
2.424211719812208177e+00
2.389001193544041168e+00
2.332055896995239408e+00
2.275242673825585538e+00
2.225173915260395319e+00
2.179695464923578019e+00
2.141419748136608625e+00
2.108708719227718298e+00
2.083134616854437127e+00
2.061472948878715794e+00
2.042709022597748891e+00
2.029675551260901045e+00
2.018604882593366234e+00
2.009514205500560369e+00
2.002181403563891848e+00
1.997170256060721183e+00
1.992968770683692714e+00
1.988767574489061385e+00
1.987222836205752685e+00
1.984996032484864781e+00
1.983923926683776706e+00
1.982275609174830366e+00
1.980022078508502092e+00
1.980636553104466291e+00
1.979310204313937449e+00
1.979305251280301547e+00
1.979545366561956010e+00
1.979286355358504279e+00
1.979184067542134384e+00
1.977842966847948691e+00
1.978610385402250316e+00
1.978723093676734601e+00
1.978411387339896965e+00
1.978435535797714806e+00
1.977764483919339566e+00
1.977435520701013028e+00
1.977295083408035392e+00
1.977656433568382388e+00
1.977374485455484887e+00
1.976945728914026201e+00
1.977759525130858620e+00
1.977848252080534053e+00
1.976847398593409189e+00
1.977144895924346946e+00
1.977750629955376649e+00
1.976947038243580757e+00
1.977826544901982730e+00
1.977877901906445857e+00
1.977812478362616533e+00
1.977313231935944327e+00
1.976449976871405445e+00
1.977320517895470697e+00
1.977969501285330667e+00
1.977194083964798565e+00
1.978009158221556207e+00
1.977892228886956039e+00
1.976792500700258914e+00
1.977898104279170344e+00
1.977331870149478643e+00
1.977002440252699111e+00
1.977391767273384060e+00
1.979027531707657328e+00
1.976859123979308741e+00
1.978534973136458541e+00
1.977456721271434459e+00
1.977669507158100082e+00
1.977890841357964780e+00
1.977387084783298388e+00
1.976669574792348838e+00
1.977720346495757786e+00
1.976756527994130153e+00
1.977863121924827938e+00
1.976609070006602797e+00
1.976619474953068112e+00
1.978127473963973815e+00
1.976879409026589540e+00
1.978310526448224138e+00
1.976875464071097710e+00
1.977233415899878111e+00
1.977307906783113189e+00
1.977302706815191158e+00
1.978318864660845833e+00
1.977648356082673642e+00
1.978136791799522731e+00
1.978167009799379983e+00
1.978180417261126589e+00
1.978506198185366216e+00
1.977100577665042547e+00
1.978247639873624175e+00
1.977749097409873924e+00
1.978351412463687620e+00
1.978310863971696865e+00
1.977933401245556277e+00
1.978283824118544976e+00
1.977038522075373450e+00
1.977819123935517842e+00
1.977411991142451697e+00
1.978450869966033698e+00
1.977687915789263950e+00
1.977946585641948252e+00
1.978492616089350120e+00
1.978513787328855633e+00
1.978539509202776658e+00
1.978530042630203489e+00
1.977644533925869252e+00
1.977774731498058269e+00
1.978638820792242292e+00
1.977719395810687342e+00
1.977516454990281947e+00
1.978202641627388569e+00
1.977858806306174833e+00
1.976833331170660513e+00
1.981089392490886114e+00
1.978795459252280509e+00
1.978981047360556911e+00
1.977758562710691059e+00
1.978876080797582926e+00
1.979165766549162875e+00
1.977988775337558680e+00
1.978010582534468487e+00
1.978409612347098223e+00
1.977911980945241233e+00
1.979009206604707805e+00
1.978088146768539834e+00
1.979381425768030223e+00
1.978183137048348250e+00
1.979387182595049088e+00
1.978302389769160730e+00
1.977902444904767076e+00
1.978509181914567483e+00
1.978220535334882513e+00
1.978246495415845185e+00
1.979217181889734611e+00
1.978767141224818449e+00
1.979677117726391655e+00
1.978908648710837603e+00
1.978286831123291067e+00
1.978458808194447860e+00
1.981896479063466776e+00
1.978694322769442904e+00
1.979178898352578431e+00
1.979349194931337319e+00
1.978799869580894377e+00
1.978550512385396587e+00
1.979423961051830050e+00
1.979418126848204729e+00
1.983691661660009986e+00
1.987415000175443147e+00
1.990157554734222067e+00
1.994430406829935665e+00
1.997626466613058760e+00
2.000830212428438948e+00
2.004075742488740541e+00
2.007012354095853102e+00
2.009982677274424034e+00
2.012953867418759479e+00
2.015905773312165472e+00
2.017990156485562458e+00
2.020173989411670590e+00
2.022908564172897439e+00
2.025168720412176881e+00
2.027750126786899365e+00
2.029515207440159230e+00
2.032289415117950249e+00
2.034460471439858420e+00
2.036735659778817542e+00
2.038841024030767723e+00
2.040773621896829759e+00
2.042510724135689681e+00
2.043139115999430988e+00
2.046777500925288873e+00
2.046892420398628509e+00
2.048415107553691161e+00
2.051164939087003702e+00
2.051547850227263492e+00
2.052551621340302557e+00
2.054246312947091369e+00
2.054401560996452769e+00
2.058275162777705170e+00
2.057881123707845816e+00
2.058400989199543840e+00
2.061974949251508260e+00
2.061077309848229788e+00
2.061242216306286235e+00
2.063315931780024926e+00
2.063178608879925768e+00
2.065043225609647592e+00
2.064878166207338328e+00
2.065700069378147763e+00
2.066916169218970367e+00
2.067813156434479271e+00
2.068300908176042618e+00
2.073351704014379848e+00
2.069159115544151106e+00
2.069587471427752678e+00
2.069772312940604930e+00
2.071603752470833282e+00
2.071142321273717446e+00
2.073806948534306027e+00
2.072551898799298797e+00
2.073083482094592256e+00
2.072740817323389884e+00
2.073235792900666841e+00
2.074016031906314783e+00
2.074683951595198916e+00
2.069925826935601343e+00
2.056576561506355816e+00
2.037859667194394930e+00
2.015283645753134234e+00
1.989354891351012844e+00
1.963641921361851450e+00
1.935379109286126109e+00
1.906937267464388519e+00
1.876739906092548704e+00
1.847144482938107624e+00
1.817557937687336089e+00
1.787378554761624549e+00
1.758314198382358029e+00
1.730003132277181832e+00
1.701524287979500283e+00
1.673072660521391697e+00
1.646286917551126994e+00
1.619109025672887947e+00
1.593205732091633742e+00
1.566980637317335612e+00
1.542095699154357735e+00
1.518087059203738765e+00
1.494336672426985091e+00
1.470685497634790284e+00
1.448425622043231886e+00
1.426383370220991598e+00
1.404955394117687772e+00
1.384064631027840830e+00
1.363732595913184520e+00
1.343930250184676378e+00
1.324415674847619462e+00
1.305816072215479462e+00
1.287537271696072461e+00
1.269804395824015275e+00
1.252448025627699968e+00
1.235636548197508677e+00
1.219144062037300191e+00
1.203007640091231734e+00
1.187611727498121050e+00
1.172174660346697150e+00
1.157560584677361115e+00
1.143126562330873730e+00
1.129030721960345707e+00
1.115147107018791273e+00
1.101930407977540050e+00
1.088861573085875278e+00
7.730894723791306156e-01
5.971582377479540682e-01
4.908619220081221202e-01
4.222522587671946881e-01
3.755313459858841685e-01
3.422948679336270672e-01
3.177892535310746780e-01
2.992197188102606598e-01
2.848137984443337989e-01
2.733640724770761143e-01
2.641484137060881032e-01
2.566350041486962219e-01
2.504157539290921552e-01
2.452206105366444289e-01
2.408411752840458053e-01
2.371221213582840603e-01
2.339673136579209778e-01
2.312040064593045285e-01
2.288344664341561141e-01
2.267603774497148617e-01
2.249521271046754090e-01
2.233925086062719112e-01
2.219715337468586569e-01
2.207618220724760771e-01
2.196571899344137713e-01
2.186852950126799700e-01
2.178156039142809253e-01
2.170465555438801930e-01
2.163565027157666187e-01
2.157354936113985155e-01
