9.444640223121775202e-03
3.049307423625038233e-02
5.981776773166799094e-02
9.418406375366282501e-02
1.315047610441335835e-01
1.611366245419592058e-01
1.802353821938705580e-01
1.917440546989169770e-01
1.986498007451857062e-01
2.029010804929005651e-01
2.028967167582872155e-01
2.028931389698402643e-01
2.028911160422836590e-01
2.028955527878329723e-01
2.029008295889896674e-01
2.028961099286866743e-01
2.029013837792266461e-01
2.028945582104441647e-01
4.208558706432534158e-01
6.500456697241773218e-01
9.870678958372518519e-01
1.292869986601625332e+00
1.588046106865852236e+00
1.873546464864665140e+00
2.152288006850790136e+00
2.423753628760166645e+00
2.388637663924965349e+00
2.330833924239193333e+00
2.275780747711569685e+00
2.224163224318980614e+00
2.180255901152018172e+00
2.141636969105007893e+00
2.108326836175037133e+00
2.082816300066371085e+00
2.060149874203408782e+00
2.043367939010432455e+00
2.029188116280917775e+00
2.017424647157735507e+00
2.008684076737148327e+00
2.002744864626738508e+00
1.996367627858083749e+00
1.993090022439907516e+00
1.989692625467944564e+00
1.987158676465916152e+00
1.985434950838192769e+00
1.983569145244999277e+00
1.982613659276411422e+00
1.981513555647191005e+00
1.981124521308873510e+00
1.979830040461716623e+00
1.980273822848575005e+00
1.979305403821213671e+00
1.978892510631699686e+00
1.978810726090157290e+00
1.979390033966903939e+00
1.978417472250548759e+00
1.978858422580831000e+00
1.978795408453828175e+00
1.978685709302183904e+00
1.978555317351757159e+00
1.978520643601240137e+00
1.977840419531810667e+00
1.978686783486880207e+00
1.978501084839044966e+00
1.978574991626914636e+00
1.977141192870207842e+00
1.978734061394825217e+00
1.977582618313152407e+00
1.978804838022187429e+00
1.978400912451022675e+00
1.977656808852746417e+00
1.978422283772042878e+00
1.978866495444723927e+00
1.978115533700527173e+00
1.978148040008927522e+00
1.978289591677219406e+00
1.978517999950705430e+00
1.978070801045751725e+00
1.978610441865347402e+00
1.978535198789823424e+00
1.977887203025808338e+00
1.978659952628712526e+00
1.977784093350129835e+00
1.978736352907989549e+00
1.978675861749161102e+00
1.978630305910074494e+00
1.978391007920987432e+00
1.978697082878932978e+00
1.978696424807897980e+00
1.978925320599932647e+00
1.977596553447154681e+00
1.978238801821326609e+00
1.978891599008067548e+00
1.978809615545183975e+00
1.979018541916640617e+00
1.978640833844924618e+00
1.978492241034781829e+00
1.977930912776852068e+00
1.978852347420079871e+00
1.978000280023939572e+00
1.979140596107712868e+00
1.977940317092902855e+00
1.978261980714899337e+00
1.979215758873567488e+00
1.978975405310158031e+00
1.979035931148011906e+00
1.979360202687474368e+00
1.979290636361483058e+00
1.979391951130073934e+00
1.979244666758570137e+00
1.979187305665919050e+00
1.978802464670792016e+00
1.979117718839138895e+00
1.979161210563264994e+00
1.979110536301218026e+00
1.978943909175760130e+00
1.978031766498657085e+00
1.979193847578117005e+00
1.979483688299087607e+00
1.979361669024948034e+00
1.978663938628822505e+00
1.977401482118386511e+00
1.978918318438526835e+00
1.979359778773200906e+00
1.979518328016600215e+00
1.978992359081036545e+00
1.978368947151012192e+00
1.979458419546073378e+00
1.978681074557827824e+00
1.979460785186115679e+00
1.979744383524370654e+00
1.979391147158900299e+00
1.979893247872544615e+00
1.979016937249075569e+00
1.983138307324278093e+00
1.987155817105776157e+00
1.990319360301711304e+00
1.994426717703019714e+00
1.996672270506955282e+00
1.999595242088382685e+00
2.004060161538036677e+00
2.007326890713482470e+00
2.010037002949677909e+00
2.012519273218660310e+00
2.015887367955033760e+00
2.018190481628640676e+00
2.020862641700052365e+00
2.022113563931670299e+00
2.025776856551249505e+00
2.028320712139820792e+00
2.029315051970268957e+00
2.032535947676224808e+00
2.034174747830129082e+00
2.036692914933837528e+00
2.038250472232614907e+00
2.040198919135257860e+00
2.041456587977380721e+00
2.044602741642145283e+00
2.045325049933888639e+00
2.048339280079712665e+00
2.047836586302175466e+00
2.050040203703683339e+00
2.050689087597025395e+00
2.054629545769770527e+00
2.054158068114740665e+00
2.056375486131027941e+00
2.055894223859216385e+00
2.056820758344740430e+00
2.058859165782393585e+00
2.059225048651589063e+00
2.060971943327052802e+00
2.062914333499075159e+00
2.062761937121824651e+00
2.064020054479710264e+00
2.064725506409097022e+00
2.064465072556860736e+00
2.065377651746569843e+00
2.066091671035429567e+00
2.067750652004928913e+00
2.068555323757398590e+00
2.069863219616969729e+00
2.071061608392351872e+00
2.070050144632826328e+00
2.069979029032066098e+00
2.071483699907534337e+00
2.071966231500083744e+00
2.071537642125811818e+00
2.071979003069245540e+00
2.073091533105580808e+00
2.072737800796973673e+00
2.073613415616480271e+00
2.074296628248188057e+00
2.073878909148543670e+00
2.069563573849320992e+00
2.057107481809967275e+00
2.037383149136680061e+00
2.015076016376926571e+00
1.989309470690096671e+00
1.962654538504204682e+00
1.935317386336150802e+00
1.906122159467072308e+00
1.876000467173011943e+00
1.847247275958171508e+00
1.816901797054257361e+00
1.787849419224743608e+00
1.758932122678029231e+00
1.730555899212528059e+00
1.701277100967138800e+00
1.673631983407199542e+00
1.645616100204604804e+00
1.619600742743780186e+00
1.593064283900895939e+00
1.567419724344337961e+00
1.542726628707389303e+00
1.518118525680783870e+00
1.494035374554144147e+00
1.470719114389114957e+00
1.448284798369022575e+00
1.426480987743274698e+00
1.404805488915988665e+00
1.383638399678736253e+00
1.363696825647256583e+00
1.343546982233381648e+00
1.324613522843818503e+00
1.305975847579128546e+00
1.287515907709092966e+00
1.269683594146803429e+00
1.252258131211044567e+00
1.235246003025406214e+00
1.218863120592770244e+00
1.202929643706376783e+00
1.187677675078662398e+00
1.172383258869563294e+00
1.157717503737937470e+00
1.142910197543382855e+00
1.129021334870236926e+00
1.115319896021278678e+00
1.101698636796344832e+00
1.088663756840783758e+00
7.730711940994952069e-01
5.972595094488645229e-01
4.908697694787999555e-01
4.222439239530602628e-01
3.755229104079744196e-01
3.422748639816532989e-01
3.177995661917692449e-01
2.992153186151385036e-01
2.847944408505512226e-01
2.733638747930926538e-01
2.641443500259108568e-01
2.566242469187534070e-01
2.504127922899613834e-01
2.452081778715942129e-01
2.408508184531125418e-01
2.371368466088317473e-01
2.339300091138050985e-01
2.312047509706964266e-01
2.288280706799393771e-01
2.267667259359944787e-01
2.249560899222068366e-01
2.233743526814241931e-01
2.219809682911514648e-01
2.207487983364485318e-01
2.196576931331816196e-01
2.186856240849586464e-01
2.178209609300125471e-01
2.170446250350654693e-01
2.163768256931428713e-01
2.157362625125419930e-01
