0.000000000000000000e+00 -1.800000400000000000e+07 -3.000000666666666511e+05 -5.000001111111110731e+03 -2.083333796296296327e+02
1.000000000000000000e+00 -1.600000400000000000e+07 -2.666667333333333372e+05 -4.444445555555555984e+03 -1.851852314814814804e+02
2.000000000000000000e+00 -1.400000400000000000e+07 -2.333333999999999942e+05 -3.888889999999999873e+03 -1.620370833333333280e+02
3.000000000000000000e+00 -1.200000400000000000e+07 -2.000000666666666802e+05 -3.333334444444444671e+03 -1.388889351851851757e+02
4.000000000000000000e+00 -1.000000400000000000e+07 -1.666667333333333372e+05 -2.777778888888889014e+03 -1.157407870370370375e+02
5.000000000000000000e+00 -8.000004000000000000e+06 -1.333333999999999942e+05 -2.222223333333333358e+03 -9.259263888888888516e+01
6.000000000000000000e+00 -6.000004000000000000e+06 -1.000000666666666657e+05 -1.666667777777777701e+03 -6.944449074074074701e+01
7.000000000000000000e+00 -4.000004000000000000e+06 -6.666673333333333721e+04 -1.111112222222222272e+03 -4.629634259259259466e+01
8.000000000000000000e+00 -2.000004000000000000e+06 -3.333340000000000146e+04 -5.555566666666666151e+02 -2.314819444444444585e+01
9.000000000000000000e+00 -4.000000000000000000e+00 -6.666666666666666574e-02 -1.111111111111111110e-03 -4.629629629629629400e-05
1.000000000000000000e+01 -3.750000000000000000e+00 -6.250000000000000000e-02 -1.041666666666666652e-03 -4.340277777777777943e-05
1.100000000000000000e+01 -3.500000000000000000e+00 -5.833333333333333426e-02 -9.722222222222221943e-04 -4.050925925925925809e-05
1.200000000000000000e+01 -3.250000000000000000e+00 -5.416666666666666852e-02 -9.027777777777777363e-04 -3.761574074074074353e-05
1.300000000000000000e+01 -3.000000000000000000e+00 -5.000000000000000278e-02 -8.333333333333333868e-04 -3.472222222222222219e-05
1.400000000000000000e+01 -2.750000000000000000e+00 -4.583333333333333010e-02 -7.638888888888889289e-04 -3.182870370370370085e-05
1.500000000000000000e+01 -2.500000000000000000e+00 -4.166666666666666435e-02 -6.944444444444444709e-04 -2.893518518518518629e-05
1.600000000000000000e+01 -2.250000000000000000e+00 -3.749999999999999861e-02 -6.250000000000000130e-04 -2.604166666666666834e-05
1.700000000000000000e+01 -2.000000000000000000e+00 -3.333333333333333287e-02 -5.555555555555555551e-04 -2.314814814814814700e-05
1.800000000000000000e+01 -1.750000000000000000e+00 -2.916666666666666713e-02 -4.861111111111110971e-04 -2.025462962962962905e-05
1.900000000000000000e+01 -1.500000000000000000e+00 -2.500000000000000139e-02 -4.166666666666666934e-04 -1.736111111111111110e-05
2.000000000000000000e+01 -1.250000000000000000e+00 -2.083333333333333218e-02 -3.472222222222222355e-04 -1.446759259259259314e-05
2.100000000000000000e+01 -1.000000000000000000e+00 -1.666666666666666644e-02 -2.777777777777777775e-04 -1.157407407407407350e-05
2.200000000000000000e+01 -7.500000000000000000e-01 -1.250000000000000069e-02 -2.083333333333333467e-04 -8.680555555555555548e-06
2.300000000000000000e+01 -5.000000000000000000e-01 -8.333333333333333218e-03 -1.388888888888888888e-04 -5.787037037037036750e-06
2.400000000000000000e+01 -2.500000000000000000e-01 -4.166666666666666609e-03 -6.944444444444444438e-05 -2.893518518518518375e-06
2.500000000000000000e+01 0.000000000000000000e+00 0.000000000000000000e+00 0.000000000000000000e+00 0.000000000000000000e+00
2.600000000000000000e+01 2.499999850988388062e-02 4.166666418313980319e-04 6.944444030523300137e-06 2.893518346051375057e-07
2.700000000000000000e+01 4.999999701976776123e-02 8.333332836627960639e-04 1.388888806104660027e-05 5.787036692102750114e-07
2.800000000000000000e+01 7.499999552965164185e-02 1.249999925494193987e-03 2.083333209156989956e-05 8.680555038154125171e-07
2.900000000000000000e+01 9.999999403953552246e-02 1.666666567325592128e-03 2.777777612209320055e-05 1.157407338420550023e-06
3.000000000000000000e+01 1.249999925494194031e-01 2.083333209156990051e-03 3.472222015261649814e-05 1.446759173025687634e-06
3.100000000000000000e+01 1.499999910593032837e-01 2.499999850988387975e-03 4.166666418313979913e-05 1.736111007630825034e-06
3.200000000000000000e+01 1.749999895691871643e-01 2.916666492819785898e-03 4.861110821366310011e-05 2.025462842235962646e-06
3.300000000000000000e+01 1.999999880790710449e-01 3.333333134651184256e-03 5.555555224418640110e-05 2.314814676841100046e-06
3.400000000000000000e+01 2.249999865889549255e-01 3.749999776482582179e-03 6.249999627470970208e-05 2.604166511446237446e-06
3.500000000000000000e+01 4.749999865889549255e-01 7.916666443149249222e-03 1.319444407191541465e-04 5.497685029964755820e-06
3.600000000000000000e+01 7.249999865889549255e-01 1.208333310981591496e-02 2.013888851635985773e-04 8.391203548483274619e-06
3.700000000000000000e+01 9.749999865889549255e-01 1.624999977648258070e-02 2.708333296080430081e-04 1.128472206700179257e-05
3.800000000000000000e+01 1.224999986588954926e+00 2.041666644314924992e-02 3.402777740524874661e-04 1.417824058552031222e-05
3.900000000000000000e+01 1.474999986588954926e+00 2.458333310981591566e-02 4.097222184969319240e-04 1.707175910403883017e-05
4.000000000000000000e+01 1.724999986588954926e+00 2.874999977648258140e-02 4.791666629413763819e-04 1.996527762255734812e-05
4.100000000000000000e+01 1.974999986588954926e+00 3.291666644314925061e-02 5.486111073858207857e-04 2.285879614107586607e-05
4.200000000000000000e+01 2.224999986588954926e+00 3.708333310981591635e-02 6.180555518302652436e-04 2.575231465959438402e-05
4.300000000000000000e+01 2.474999986588954926e+00 4.124999977648258209e-02 6.874999962747097015e-04 2.864583317811290536e-05
4.400000000000000000e+01 2.724999986588954926e+00 4.541666644314924783e-02 7.569444407191541595e-04 3.153935169663142331e-05
4.500000000000000000e+01 2.974999986588954926e+00 4.958333310981591358e-02 8.263888851635986174e-04 3.443287021514994465e-05
4.600000000000000000e+01 3.224999986588954926e+00 5.374999977648257932e-02 8.958333296080430753e-04 3.732638873366845921e-05
4.700000000000000000e+01 3.474999986588954926e+00 5.791666644314925200e-02 9.652777740524875333e-04 4.021990725218698055e-05
4.800000000000000000e+01 3.724999986588954926e+00 6.208333310981591774e-02 1.034722218496931991e-03 4.311342577070549512e-05
4.900000000000000000e+01 3.974999986588954926e+00 6.624999977648257654e-02 1.104166662941376449e-03 4.600694428922401646e-05
5.000000000000000000e+01 4.224999986588954926e+00 7.041666644314924228e-02 1.173611107385820907e-03 4.890046280774253102e-05
5.100000000000000000e+01 4.474999986588954926e+00 7.458333310981592190e-02 1.243055551830265365e-03 5.179398132626105236e-05
5.200000000000000000e+01 4.724999986588954926e+00 7.874999977648258764e-02 1.312499996274709606e-03 5.468749984477957370e-05
5.300000000000000000e+01 4.974999986588954926e+00 8.291666644314925338e-02 1.381944440719154064e-03 5.758101836329808826e-05
5.400000000000000000e+01 5.224999986588954926e+00 8.708333310981591913e-02 1.451388885163598522e-03 6.047453688181660960e-05
5.500000000000000000e+01 5.474999986588954926e+00 9.124999977648258487e-02 1.520833329608042980e-03 6.336805540033512416e-05
5.600000000000000000e+01 5.724999986588954926e+00 9.541666644314925061e-02 1.590277774052487438e-03 6.626157391885363873e-05
5.700000000000000000e+01 5.974999986588954926e+00 9.958333310981591635e-02 1.659722218496931896e-03 6.915509243737216684e-05
5.800000000000000000e+01 6.224999986588954926e+00 1.037499997764825821e-01 1.729166662941376354e-03 7.204861095589068141e-05
5.900000000000000000e+01 6.474999986588954926e+00 1.079166664431492478e-01 1.798611107385820812e-03 7.494212947440919597e-05
6.000000000000000000e+01 6.724999986588954926e+00 1.120833331098159136e-01 1.868055551830265270e-03 7.783564799292772409e-05
6.100000000000000000e+01 6.974999986588954926e+00 1.162499997764825793e-01 1.937499996274709728e-03 8.072916651144623865e-05
6.200000000000000000e+01 7.224999986588954926e+00 1.204166664431492451e-01 2.006944440719153969e-03 8.362268502996475321e-05
6.300000000000000000e+01 7.474999986588954926e+00 1.245833331098159108e-01 2.076388885163598427e-03 8.651620354848328133e-05
6.400000000000000000e+01 7.724999986588954926e+00 1.287499997764825765e-01 2.145833329608042885e-03 8.940972206700179589e-05
6.500000000000000000e+01 7.974999986588954926e+00 1.329166664431492562e-01 2.215277774052487342e-03 9.230324058552031045e-05
6.600000000000000000e+01 8.224999986588954926e+00 1.370833331098159080e-01 2.284722218496931800e-03 9.519675910403882502e-05
6.700000000000000000e+01 8.474999986588954926e+00 1.412499997764825876e-01 2.354166662941376258e-03 9.809027762255735313e-05
6.800000000000000000e+01 8.724999986588954926e+00 1.454166664431492395e-01 2.423611107385820716e-03 1.009837961410758677e-04
6.900000000000000000e+01 8.974999986588954926e+00 1.495833331098159191e-01 2.493055551830265174e-03 1.038773146595943823e-04
7.000000000000000000e+01 9.224999986588954926e+00 1.537499997764825710e-01 2.562499996274709632e-03 1.067708331781129104e-04
7.100000000000000000e+01 9.474999986588954926e+00 1.579166664431492506e-01 2.631944440719154090e-03 1.096643516966314249e-04
7.200000000000000000e+01 9.724999986588954926e+00 1.620833331098159025e-01 2.701388885163598548e-03 1.125578702151499395e-04
7.300000000000000000e+01 9.974999986588954926e+00 1.662499997764825821e-01 2.770833329608043006e-03 1.154513887336684541e-04
7.400000000000000000e+01 1.022499998658895493e+01 1.704166664431492617e-01 2.840277774052487464e-03 1.183449072521869822e-04
7.500000000000000000e+01 1.047499998658895493e+01 1.745833331098159136e-01 2.909722218496931922e-03 1.212384257707054967e-04
7.600000000000000000e+01 1.072499998658895493e+01 1.787499997764825932e-01 2.979166662941376380e-03 1.241319442892240249e-04
7.700000000000000000e+01 1.097499998658895493e+01 1.829166664431492451e-01 3.048611107385820838e-03 1.270254628077425259e-04
7.800000000000000000e+01 1.122499998658895493e+01 1.870833331098159247e-01 3.118055551830265296e-03 1.299189813262610540e-04
7.900000000000000000e+01 1.147499998658895493e+01 1.912499997764825765e-01 3.187499996274709754e-03 1.328124998447795821e-04
8.000000000000000000e+01 1.172499998658895493e+01 1.954166664431492562e-01 3.256944440719154212e-03 1.357060183632980831e-04
8.100000000000000000e+01 1.197499998658895493e+01 1.995833331098159080e-01 3.326388885163598669e-03 1.385995368818166112e-04
8.200000000000000000e+01 1.222499998658895493e+01 2.037499997764825876e-01 3.395833329608043127e-03 1.414930554003351393e-04
8.300000000000000000e+01 1.247499998658895493e+01 2.079166664431492395e-01 3.465277774052487585e-03 1.443865739188536404e-04
8.400000000000000000e+01 1.272499998658895493e+01 2.120833331098159191e-01 3.534722218496932043e-03 1.472800924373721685e-04
8.500000000000000000e+01 1.297499998658895493e+01 2.162499997764825710e-01 3.604166662941376501e-03 1.501736109558906695e-04
8.600000000000000000e+01 1.322499998658895493e+01 2.204166664431492506e-01 3.673611107385820959e-03 1.530671294744091976e-04
8.700000000000000000e+01 1.347499998658895493e+01 2.245833331098159025e-01 3.743055551830265417e-03 1.559606479929277257e-04
8.800000000000000000e+01 1.372499998658895493e+01 2.287499997764825821e-01 3.812499996274709875e-03 1.588541665114462267e-04
8.900000000000000000e+01 1.397499998658895493e+01 2.329166664431492617e-01 3.881944440719154333e-03 1.617476850299647548e-04
9.000000000000000000e+01 1.422499998658895493e+01 2.370833331098159136e-01 3.951388885163598791e-03 1.646412035484832830e-04
9.100000000000000000e+01 1.447499998658895493e+01 2.412499997764825932e-01 4.020833329608042815e-03 1.675347220670017840e-04
9.200000000000000000e+01 1.472499998658895493e+01 2.454166664431492451e-01 4.090277774052487707e-03 1.704282405855203121e-04
9.300000000000000000e+01 1.497499998658895493e+01 2.495833331098159247e-01 4.159722218496931731e-03 1.733217591040388402e-04
9.400000000000000000e+01 1.522499998658895493e+01 2.537499997764826043e-01 4.229166662941376623e-03 1.762152776225573412e-04
9.500000000000000000e+01 1.547499998658895493e+01 2.579166664431492562e-01 4.298611107385820647e-03 1.791087961410758693e-04
9.600000000000000000e+01 1.572499998658895493e+01 2.620833331098159080e-01 4.368055551830265539e-03 1.820023146595943974e-04
9.700000000000000000e+01 1.597499998658895493e+01 2.662499997764825599e-01 4.437499996274709563e-03 1.848958331781128984e-04
9.800000000000000000e+01 1.622499998658895493e+01 2.704166664431492673e-01 4.506944440719154454e-03 1.877893516966314266e-04
9.900000000000000000e+01 1.672499998658895493e+01 2.787499997764825710e-01 4.645833329608043370e-03 1.935763887336684557e-04
1.000000000000000000e+02 1.722499998658895493e+01 2.870833331098159302e-01 4.784722218496932286e-03 1.993634257707054848e-04
1.010000000000000000e+02 1.772499998658895493e+01 2.954166664431492340e-01 4.923611107385821202e-03 2.051504628077425410e-04
1.020000000000000000e+02 1.822499998658895493e+01 3.037499997764825932e-01 5.062499996274710118e-03 2.109374998447795702e-04
1.030000000000000000e+02 1.872499998658895493e+01 3.120833331098158969e-01 5.201388885163598166e-03 2.167245368818165993e-04
1.040000000000000000e+02 1.922499998658895493e+01 3.204166664431492562e-01 5.340277774052487082e-03 2.225115739188536555e-04
1.050000000000000000e+02 1.972499998658895493e+01 3.287499997764825599e-01 5.479166662941375998e-03 2.282986109558906847e-04
1.060000000000000000e+02 2.022499998658895493e+01 3.370833331098159191e-01 5.618055551830264914e-03 2.340856479929277138e-04
1.070000000000000000e+02 2.072499998658895493e+01 3.454166664431492229e-01 5.756944440719153830e-03 2.398726850299647429e-04
1.080000000000000000e+02 2.122499998658895493e+01 3.537499997764825821e-01 5.895833329608042746e-03 2.456597220670017991e-04
1.090000000000000000e+02 2.172499998658895493e+01 3.620833331098159413e-01 6.034722218496931662e-03 2.514467591040388554e-04
1.100000000000000000e+02 2.222499998658895493e+01 3.704166664431492451e-01 6.173611107385820577e-03 2.572337961410758574e-04
1.110000000000000000e+02 2.272499998658895493e+01 3.787499997764826043e-01 6.312499996274709493e-03 2.630208331781129136e-04
1.120000000000000000e+02 2.322499998658895493e+01 3.870833331098159080e-01 6.451388885163598409e-03 2.688078702151499156e-04
1.130000000000000000e+02 2.372499998658895493e+01 3.954166664431492673e-01 6.590277774052487325e-03 2.745949072521869719e-04
1.140000000000000000e+02 2.422499998658895493e+01 4.037499997764825710e-01 6.729166662941376241e-03 2.803819442892240281e-04
1.150000000000000000e+02 2.472499998658895493e+01 4.120833331098159302e-01 6.868055551830265157e-03 2.861689813262610301e-04
1.160000000000000000e+02 2.522499998658895493e+01 4.204166664431492340e-01 7.006944440719154073e-03 2.919560183632980864e-04
1.170000000000000000e+02 2.572499998658895493e+01 4.287499997764825932e-01 7.145833329608042989e-03 2.977430554003351426e-04
1.180000000000000000e+02 2.622499998658895493e+01 4.370833331098158969e-01 7.284722218496931904e-03 3.035300924373721446e-04
1.190000000000000000e+02 2.672499998658895493e+01 4.454166664431492562e-01 7.423611107385820820e-03 3.093171294744092008e-04
1.200000000000000000e+02 2.722499998658895493e+01 4.537499997764825599e-01 7.562499996274709736e-03 3.151041665114462571e-04
1.210000000000000000e+02 2.772499998658895493e+01 4.620833331098159191e-01 7.701388885163598652e-03 3.208912035484832591e-04
1.220000000000000000e+02 2.822499998658895493e+01 4.704166664431492229e-01 7.840277774052486701e-03 3.266782405855203153e-04
1.230000000000000000e+02 2.872499998658895493e+01 4.787499997764825821e-01 7.979166662941376484e-03 3.324652776225573716e-04
1.240000000000000000e+02 2.922499998658895493e+01 4.870833331098159413e-01 8.118055551830264532e-03 3.382523146595943736e-04
1.250000000000000000e+02 2.972499998658895493e+01 4.954166664431492451e-01 8.256944440719154316e-03 3.440393516966314298e-04
1.260000000000000000e+02 3.022499998658895493e+01 5.037499997764826043e-01 8.395833329608042364e-03 3.498263887336684860e-04
1.270000000000000000e+02 3.072499998658895493e+01 5.120833331098159080e-01 8.534722218496932147e-03 3.556134257707054881e-04
1.280000000000000000e+02 3.122499998658895493e+01 5.204166664431492118e-01 8.673611107385820196e-03 3.614004628077425443e-04
1.290000000000000000e+02 3.172499998658895493e+01 5.287499997764826265e-01 8.812499996274709979e-03 3.671874998447795463e-04
1.300000000000000000e+02 3.222499998658895493e+01 5.370833331098159302e-01 8.951388885163598028e-03 3.729745368818166026e-04
1.310000000000000000e+02 3.272499998658895493e+01 5.454166664431492340e-01 9.090277774052487811e-03 3.787615739188536588e-04
1.320000000000000000e+02 3.322499998658895493e+01 5.537499997764825377e-01 9.229166662941375859e-03 3.845486109558906608e-04
1.330000000000000000e+02 3.372499998658895493e+01 5.620833331098159524e-01 9.368055551830265643e-03 3.903356479929277170e-04
1.340000000000000000e+02 3.422499998658895493e+01 5.704166664431492562e-01 9.506944440719153691e-03 3.961226850299647733e-04
1.350000000000000000e+02 3.472499998658895493e+01 5.787499997764825599e-01 9.645833329608043474e-03 4.019097220670017753e-04
1.360000000000000000e+02 3.522499998658895493e+01 5.870833331098158636e-01 9.784722218496931523e-03 4.076967591040388315e-04
1.370000000000000000e+02 3.572499998658895493e+01 5.954166664431492784e-01 9.923611107385821306e-03 4.134837961410758878e-04
1.380000000000000000e+02 3.622499998658895493e+01 6.037499997764825821e-01 1.006249999627470935e-02 4.192708331781128898e-04
1.390000000000000000e+02 3.672499998658895493e+01 6.120833331098158858e-01 1.020138888516359914e-02 4.250578702151499460e-04
1.400000000000000000e+02 3.722499998658895493e+01 6.204166664431493006e-01 1.034027777405248719e-02 4.308449072521870022e-04
1.410000000000000000e+02 3.772499998658895493e+01 6.287499997764826043e-01 1.047916666294137697e-02 4.366319442892240043e-04
1.420000000000000000e+02 3.822499998658895493e+01 6.370833331098159080e-01 1.061805555183026502e-02 4.424189813262610605e-04
1.430000000000000000e+02 3.872499998658895493e+01 6.454166664431492118e-01 1.075694444071915480e-02 4.482060183632980625e-04
1.440000000000000000e+02 3.922499998658895493e+01 6.537499997764826265e-01 1.089583332960804285e-02 4.539930554003351187e-04
1.450000000000000000e+02 3.972499998658895493e+01 6.620833331098159302e-01 1.103472221849693263e-02 4.597800924373721750e-04
1.460000000000000000e+02 4.022499998658895493e+01 6.704166664431492340e-01 1.117361110738582068e-02 4.655671294744091770e-04
1.470000000000000000e+02 4.072499998658895493e+01 6.787499997764825377e-01 1.131249999627471046e-02 4.713541665114462332e-04
1.480000000000000000e+02 4.122499998658895493e+01 6.870833331098159524e-01 1.145138888516359851e-02 4.771412035484832895e-04
1.490000000000000000e+02 4.172499998658895493e+01 6.954166664431492562e-01 1.159027777405248830e-02 4.829282405855202915e-04
1.500000000000000000e+02 4.222499998658895493e+01 7.037499997764825599e-01 1.172916666294137635e-02 4.887152776225573477e-04
1.510000000000000000e+02 4.272499998658895493e+01 7.120833331098158636e-01 1.186805555183026439e-02 4.945023146595943497e-04
1.520000000000000000e+02 4.322499998658895493e+01 7.204166664431492784e-01 1.200694444071915418e-02 5.002893516966314602e-04
1.530000000000000000e+02 4.372499998658895493e+01 7.287499997764825821e-01 1.214583332960804223e-02 5.060763887336684622e-04
1.540000000000000000e+02 4.422499998658895493e+01 7.370833331098158858e-01 1.228472221849693201e-02 5.118634257707054642e-04
1.550000000000000000e+02 4.472499998658895493e+01 7.454166664431493006e-01 1.242361110738582006e-02 5.176504628077425747e-04
1.560000000000000000e+02 4.522499998658895493e+01 7.537499997764826043e-01 1.256249999627470984e-02 5.234374998447795767e-04
1.570000000000000000e+02 4.572499998658895493e+01 7.620833331098159080e-01 1.270138888516359789e-02 5.292245368818165787e-04
1.580000000000000000e+02 4.622499998658895493e+01 7.704166664431492118e-01 1.284027777405248767e-02 5.350115739188536891e-04
1.590000000000000000e+02 4.672499998658895493e+01 7.787499997764826265e-01 1.297916666294137572e-02 5.407986109558906912e-04
1.600000000000000000e+02 4.722499998658895493e+01 7.870833331098159302e-01 1.311805555183026550e-02 5.465856479929276932e-04
1.610000000000000000e+02 4.772499998658895493e+01 7.954166664431492340e-01 1.325694444071915355e-02 5.523726850299648036e-04
1.620000000000000000e+02 4.822499998658895493e+01 8.037499997764825377e-01 1.339583332960804334e-02 5.581597220670018056e-04
1.630000000000000000e+02 4.872499998658895493e+01 8.120833331098159524e-01 1.353472221849693138e-02 5.639467591040388077e-04
1.640000000000000000e+02 4.922499998658895493e+01 8.204166664431492562e-01 1.367361110738582117e-02 5.697337961410759181e-04
1.650000000000000000e+02 4.972499998658895493e+01 8.287499997764825599e-01 1.381249999627470922e-02 5.755208331781129201e-04
1.660000000000000000e+02 5.022499998658895493e+01 8.370833331098158636e-01 1.395138888516359900e-02 5.813078702151499222e-04
1.670000000000000000e+02 5.072499998658895493e+01 8.454166664431492784e-01 1.409027777405248705e-02 5.870949072521869242e-04
1.680000000000000000e+02 5.122499998658895493e+01 8.537499997764825821e-01 1.422916666294137683e-02 5.928819442892240346e-04
1.690000000000000000e+02 5.172499998658895493e+01 8.620833331098158858e-01 1.436805555183026488e-02 5.986689813262610366e-04
1.700000000000000000e+02 5.222499998658895493e+01 8.704166664431493006e-01 1.450694444071915466e-02 6.044560183632980387e-04
1.710000000000000000e+02 5.272499998658895493e+01 8.787499997764826043e-01 1.464583332960804271e-02 6.102430554003351491e-04
1.720000000000000000e+02 5.322499998658895493e+01 8.870833331098159080e-01 1.478472221849693249e-02 6.160300924373721511e-04
1.730000000000000000e+02 5.372499998658895493e+01 8.954166664431492118e-01 1.492361110738582054e-02 6.218171294744091531e-04
1.740000000000000000e+02 5.422499998658895493e+01 9.037499997764826265e-01 1.506249999627471033e-02 6.276041665114462636e-04
1.750000000000000000e+02 5.472499998658895493e+01 9.120833331098159302e-01 1.520138888516359837e-02 6.333912035484832656e-04
1.760000000000000000e+02 5.522499998658895493e+01 9.204166664431492340e-01 1.534027777405248816e-02 6.391782405855202676e-04
1.770000000000000000e+02 5.572499998658895493e+01 9.287499997764825377e-01 1.547916666294137621e-02 6.449652776225573781e-04
1.780000000000000000e+02 5.622499998658895493e+01 9.370833331098159524e-01 1.561805555183026599e-02 6.507523146595943801e-04
1.790000000000000000e+02 1.162249999865889549e+02 1.937083333109815841e+00 3.228472221849693069e-02 1.345196759104038851e-03
1.800000000000000000e+02 1.762249999865889549e+02 2.937083333109816063e+00 4.895138888516360059e-02 2.039641203548483214e-03
1.810000000000000000e+02 2.362249999865889549e+02 3.937083333109816063e+00 6.561805555183027050e-02 2.734085647992927793e-03
1.820000000000000000e+02 2.962249999865889549e+02 4.937083333109815619e+00 8.228472221849693347e-02 3.428530092437372372e-03
1.830000000000000000e+02 3.562249999865889549e+02 5.937083333109815619e+00 9.895138888516359643e-02 4.122974536881816518e-03
1.840000000000000000e+02 4.162249999865889549e+02 6.937083333109815619e+00 1.156180555518302594e-01 4.817418981326261097e-03
1.850000000000000000e+02 4.762249999865889549e+02 7.937083333109815619e+00 1.322847222184969362e-01 5.511863425770705677e-03
1.860000000000000000e+02 5.362249999865889549e+02 8.937083333109816508e+00 1.489513888851635992e-01 6.206307870215150256e-03
1.870000000000000000e+02 5.962249999865889549e+02 9.937083333109816508e+00 1.656180555518302622e-01 6.900752314659593968e-03
1.880000000000000000e+02 6.562249999865889549e+02 1.093708333310981651e+01 1.822847222184969251e-01 7.595196759104038547e-03
1.890000000000000000e+02 7.162249999865889549e+02 1.193708333310981651e+01 1.989513888851635881e-01 8.289641203548483994e-03
1.900000000000000000e+02 7.762249999865889549e+02 1.293708333310981651e+01 2.156180555518302788e-01 8.984085647992927706e-03
1.910000000000000000e+02 8.362249999865889549e+02 1.393708333310981651e+01 2.322847222184969418e-01 9.678530092437371418e-03
1.920000000000000000e+02 8.962249999865889549e+02 1.493708333310981651e+01 2.489513888851636048e-01 1.037297453688181686e-02
1.930000000000000000e+02 9.562249999865889549e+02 1.593708333310981651e+01 2.656180555518302677e-01 1.106741898132626058e-02
1.940000000000000000e+02 1.016224999986588955e+03 1.693708333310981473e+01 2.822847222184969307e-01 1.176186342577070602e-02
1.950000000000000000e+02 1.076224999986588955e+03 1.793708333310981473e+01 2.989513888851635937e-01 1.245630787021514974e-02
1.960000000000000000e+02 1.136224999986588955e+03 1.893708333310981473e+01 3.156180555518302566e-01 1.315075231465959518e-02
1.970000000000000000e+02 1.196224999986588955e+03 1.993708333310981473e+01 3.322847222184969196e-01 1.384519675910403889e-02
1.980000000000000000e+02 1.256224999986588955e+03 2.093708333310981473e+01 3.489513888851635826e-01 1.453964120354848261e-02
1.990000000000000000e+02 1.316224999986588955e+03 2.193708333310981473e+01 3.656180555518302455e-01 1.523408564799292805e-02
2.000000000000000000e+02 1.376224999986588955e+03 2.293708333310981473e+01 3.822847222184969085e-01 1.592853009243737350e-02
2.010000000000000000e+02 1.436224999986588955e+03 2.393708333310981473e+01 3.989513888851635715e-01 1.662297453688181548e-02
2.020000000000000000e+02 1.496224999986588955e+03 2.493708333310981473e+01 4.156180555518302899e-01 1.731741898132626092e-02
2.030000000000000000e+02 1.556224999986588955e+03 2.593708333310981473e+01 4.322847222184969529e-01 1.801186342577070637e-02
2.040000000000000000e+02 1.616224999986588955e+03 2.693708333310981473e+01 4.489513888851636159e-01 1.870630787021514835e-02
2.050000000000000000e+02 1.676224999986588955e+03 2.793708333310981473e+01 4.656180555518302788e-01 1.940075231465959379e-02
2.060000000000000000e+02 1.736224999986588955e+03 2.893708333310981473e+01 4.822847222184969418e-01 2.009519675910403924e-02
2.070000000000000000e+02 1.796224999986588955e+03 2.993708333310981473e+01 4.989513888851636048e-01 2.078964120354848469e-02
2.080000000000000000e+02 1.856224999986588955e+03 3.093708333310981473e+01 5.156180555518302677e-01 2.148408564799292667e-02
2.090000000000000000e+02 1.916224999986588955e+03 3.193708333310981473e+01 5.322847222184969862e-01 2.217853009243737211e-02
2.100000000000000000e+02 1.976224999986588955e+03 3.293708333310981828e+01 5.489513888851635937e-01 2.287297453688181756e-02
2.110000000000000000e+02 2.036224999986588955e+03 3.393708333310981828e+01 5.656180555518303121e-01 2.356741898132625954e-02
2.120000000000000000e+02 2.096224999986588955e+03 3.493708333310981828e+01 5.822847222184969196e-01 2.426186342577070498e-02
2.130000000000000000e+02 2.156224999986588955e+03 3.593708333310981828e+01 5.989513888851636381e-01 2.495630787021515043e-02
2.140000000000000000e+02 2.216224999986588955e+03 3.693708333310981828e+01 6.156180555518302455e-01 2.565075231465959588e-02
2.150000000000000000e+02 2.276224999986588955e+03 3.793708333310981828e+01 6.322847222184969640e-01 2.634519675910403785e-02
2.160000000000000000e+02 2.336224999986588955e+03 3.893708333310981828e+01 6.489513888851635715e-01 2.703964120354848330e-02
2.170000000000000000e+02 2.396224999986588955e+03 3.993708333310981828e+01 6.656180555518302899e-01 2.773408564799292875e-02
2.180000000000000000e+02 2.456224999986588955e+03 4.093708333310981828e+01 6.822847222184968974e-01 2.842853009243737072e-02
2.190000000000000000e+02 2.516224999986588955e+03 4.193708333310981828e+01 6.989513888851636159e-01 2.912297453688181617e-02
2.200000000000000000e+02 2.576224999986588955e+03 4.293708333310981828e+01 7.156180555518302233e-01 2.981741898132626162e-02
2.210000000000000000e+02 2.636224999986588955e+03 4.393708333310981828e+01 7.322847222184969418e-01 3.051186342577070706e-02
2.220000000000000000e+02 2.696224999986588955e+03 4.493708333310981828e+01 7.489513888851635492e-01 3.120630787021514904e-02
2.230000000000000000e+02 2.756224999986588955e+03 4.593708333310981828e+01 7.656180555518302677e-01 3.190075231465959449e-02
2.240000000000000000e+02 2.816224999986588955e+03 4.693708333310981828e+01 7.822847222184969862e-01 3.259519675910403647e-02
2.250000000000000000e+02 2.876224999986588955e+03 4.793708333310981828e+01 7.989513888851635937e-01 3.328964120354848538e-02
2.260000000000000000e+02 2.936224999986588955e+03 4.893708333310981828e+01 8.156180555518303121e-01 3.398408564799292736e-02
2.270000000000000000e+02 2.996224999986588955e+03 4.993708333310981828e+01 8.322847222184969196e-01 3.467853009243736934e-02
2.280000000000000000e+02 3.056224999986588955e+03 5.093708333310981828e+01 8.489513888851636381e-01 3.537297453688181825e-02
2.290000000000000000e+02 3.116224999986588955e+03 5.193708333310981828e+01 8.656180555518302455e-01 3.606741898132626023e-02
2.300000000000000000e+02 3.176224999986588955e+03 5.293708333310981828e+01 8.822847222184969640e-01 3.676186342577070221e-02
2.310000000000000000e+02 3.236224999986588955e+03 5.393708333310981828e+01 8.989513888851635715e-01 3.745630787021515112e-02
2.320000000000000000e+02 3.296224999986588955e+03 5.493708333310981828e+01 9.156180555518302899e-01 3.815075231465959310e-02
2.330000000000000000e+02 3.356224999986588955e+03 5.593708333310981828e+01 9.322847222184968974e-01 3.884519675910404202e-02
2.340000000000000000e+02 3.416224999986588955e+03 5.693708333310981828e+01 9.489513888851636159e-01 3.953964120354848399e-02
2.350000000000000000e+02 3.476224999986588955e+03 5.793708333310981828e+01 9.656180555518302233e-01 4.023408564799292597e-02
2.360000000000000000e+02 3.536224999986588955e+03 5.893708333310981828e+01 9.822847222184969418e-01 4.092853009243737489e-02
2.370000000000000000e+02 3.596224999986588955e+03 5.993708333310981828e+01 9.989513888851635492e-01 4.162297453688181686e-02
2.380000000000000000e+02 5.396224999986588955e+03 8.993708333310981118e+01 1.498951388885163549e+00 6.245630787021515251e-02
2.390000000000000000e+02 7.196224999986588955e+03 1.199370833331098112e+02 1.998951388885163549e+00 8.328964120354848122e-02
2.400000000000000000e+02 8.996224999986588955e+03 1.499370833331098254e+02 2.498951388885163549e+00 1.041229745368818099e-01
2.410000000000000000e+02 1.079622499998658895e+04 1.799370833331098254e+02 2.998951388885163549e+00 1.249563078702151525e-01
2.420000000000000000e+02 1.259622499998658895e+04 2.099370833331098254e+02 3.498951388885163549e+00 1.457896412035484812e-01
2.430000000000000000e+02 1.439622499998658895e+04 2.399370833331098254e+02 3.998951388885163549e+00 1.666229745368818238e-01
2.440000000000000000e+02 1.619622499998658895e+04 2.699370833331097970e+02 4.498951388885163993e+00 1.874563078702151386e-01
2.450000000000000000e+02 1.799622499998658895e+04 2.999370833331097970e+02 4.998951388885163993e+00 2.082896412035484812e-01
2.460000000000000000e+02 1.979622499998658895e+04 3.299370833331097970e+02 5.498951388885163993e+00 2.291229745368818238e-01
2.470000000000000000e+02 2.159622499998658895e+04 3.599370833331097970e+02 5.998951388885163993e+00 2.499563078702151386e-01
2.480000000000000000e+02 2.339622499998658895e+04 3.899370833331097970e+02 6.498951388885163993e+00 2.707896412035484812e-01
2.490000000000000000e+02 2.519622499998658895e+04 4.199370833331097970e+02 6.998951388885163993e+00 2.916229745368817960e-01
2.500000000000000000e+02 2.699622499998658895e+04 4.499370833331097970e+02 7.498951388885163993e+00 3.124563078702151664e-01
2.510000000000000000e+02 2.879622499998658895e+04 4.799370833331097970e+02 7.998951388885163993e+00 3.332896412035484812e-01
2.520000000000000000e+02 3.059622499998658895e+04 5.099370833331097970e+02 8.498951388885163993e+00 3.541229745368817960e-01
2.530000000000000000e+02 3.239622499998658895e+04 5.399370833331098538e+02 8.998951388885163993e+00 3.749563078702151664e-01
2.540000000000000000e+02 3.419622499998658895e+04 5.699370833331098538e+02 9.498951388885163993e+00 3.957896412035484812e-01
2.550000000000000000e+02 3.599622499998658895e+04 5.999370833331098538e+02 9.998951388885163993e+00 4.166229745368817960e-01
2.560000000000000000e+02 3.779622499998658895e+04 6.299370833331098538e+02 1.049895138888516399e+01 4.374563078702151664e-01
2.570000000000000000e+02 3.959622499998658895e+04 6.599370833331098538e+02 1.099895138888516399e+01 4.582896412035484812e-01
2.580000000000000000e+02 4.139622499998658895e+04 6.899370833331098538e+02 1.149895138888516399e+01 4.791229745368817960e-01
2.590000000000000000e+02 4.319622499998658895e+04 7.199370833331098538e+02 1.199895138888516399e+01 4.999563078702151664e-01
2.600000000000000000e+02 4.499622499998658895e+04 7.499370833331098538e+02 1.249895138888516399e+01 5.207896412035485367e-01
2.610000000000000000e+02 4.679622499998658895e+04 7.799370833331098538e+02 1.299895138888516399e+01 5.416229745368817960e-01
2.620000000000000000e+02 4.859622499998658895e+04 8.099370833331098538e+02 1.349895138888516399e+01 5.624563078702151664e-01
2.630000000000000000e+02 5.039622499998658895e+04 8.399370833331098538e+02 1.399895138888516399e+01 5.832896412035485367e-01
2.640000000000000000e+02 5.219622499998658895e+04 8.699370833331098538e+02 1.449895138888516399e+01 6.041229745368817960e-01
2.650000000000000000e+02 5.399622499998658895e+04 8.999370833331098538e+02 1.499895138888516399e+01 6.249563078702151664e-01
2.660000000000000000e+02 5.579622499998658895e+04 9.299370833331098538e+02 1.549895138888516399e+01 6.457896412035485367e-01
2.670000000000000000e+02 5.759622499998658895e+04 9.599370833331098538e+02 1.599895138888516399e+01 6.666229745368817960e-01
2.680000000000000000e+02 5.939622499998658895e+04 9.899370833331098538e+02 1.649895138888516399e+01 6.874563078702151664e-01
2.690000000000000000e+02 6.119622499998658895e+04 1.019937083333109854e+03 1.699895138888516399e+01 7.082896412035485367e-01
2.700000000000000000e+02 6.299622499998658895e+04 1.049937083333109740e+03 1.749895138888516399e+01 7.291229745368817960e-01
2.710000000000000000e+02 6.479622499998658895e+04 1.079937083333109740e+03 1.799895138888516399e+01 7.499563078702151664e-01
2.720000000000000000e+02 6.659622499998658895e+04 1.109937083333109740e+03 1.849895138888516399e+01 7.707896412035485367e-01
2.730000000000000000e+02 6.839622499998658895e+04 1.139937083333109740e+03 1.899895138888516399e+01 7.916229745368817960e-01
2.740000000000000000e+02 7.019622499998658895e+04 1.169937083333109740e+03 1.949895138888516399e+01 8.124563078702151664e-01
2.750000000000000000e+02 7.199622499998658895e+04 1.199937083333109740e+03 1.999895138888516399e+01 8.332896412035485367e-01
2.760000000000000000e+02 7.379622499998658895e+04 1.229937083333109740e+03 2.049895138888516399e+01 8.541229745368817960e-01
2.770000000000000000e+02 7.559622499998658895e+04 1.259937083333109740e+03 2.099895138888516399e+01 8.749563078702151664e-01
2.780000000000000000e+02 7.739622499998658895e+04 1.289937083333109740e+03 2.149895138888516399e+01 8.957896412035485367e-01
2.790000000000000000e+02 7.919622499998658895e+04 1.319937083333109740e+03 2.199895138888516399e+01 9.166229745368817960e-01
2.800000000000000000e+02 8.099622499998658895e+04 1.349937083333109740e+03 2.249895138888516399e+01 9.374563078702151664e-01
2.810000000000000000e+02 8.279622499998658895e+04 1.379937083333109740e+03 2.299895138888516399e+01 9.582896412035485367e-01
2.820000000000000000e+02 8.459622499998658895e+04 1.409937083333109740e+03 2.349895138888516399e+01 9.791229745368817960e-01
2.830000000000000000e+02 8.639622499998658895e+04 1.439937083333109740e+03 2.399895138888516399e+01 9.999563078702151664e-01
2.840000000000000000e+02 1.727962249999865890e+05 2.879937083333109967e+03 4.799895138888516044e+01 1.999956307870215166e+00
2.850000000000000000e+02 2.591962249999865890e+05 4.319937083333109513e+03 7.199895138888516044e+01 2.999956307870215166e+00
2.860000000000000000e+02 3.455962249999865890e+05 5.759937083333109513e+03 9.599895138888516044e+01 3.999956307870215166e+00
2.870000000000000000e+02 4.319962249999865890e+05 7.199937083333109513e+03 1.199989513888851604e+02 4.999956307870214722e+00
2.880000000000000000e+02 5.183962249999865890e+05 8.639937083333110422e+03 1.439989513888851604e+02 5.999956307870214722e+00
2.890000000000000000e+02 6.047962249999865890e+05 1.007993708333311042e+04 1.679989513888851604e+02 6.999956307870214722e+00
2.900000000000000000e+02 6.911962249999865890e+05 1.151993708333311042e+04 1.919989513888851604e+02 7.999956307870214722e+00
2.910000000000000000e+02 7.775962249999865890e+05 1.295993708333311042e+04 2.159989513888851604e+02 8.999956307870215610e+00
2.920000000000000000e+02 8.639962249999865890e+05 1.439993708333311042e+04 2.399989513888851604e+02 9.999956307870215610e+00
2.930000000000000000e+02 9.503962249999865890e+05 1.583993708333311042e+04 2.639989513888851889e+02 1.099995630787021561e+01
2.940000000000000000e+02 1.036796224999986589e+06 1.727993708333310860e+04 2.879989513888851889e+02 1.199995630787021561e+01
2.950000000000000000e+02 1.123196224999986589e+06 1.871993708333310860e+04 3.119989513888851889e+02 1.299995630787021561e+01
2.960000000000000000e+02 1.209596224999986589e+06 2.015993708333310860e+04 3.359989513888851889e+02 1.399995630787021561e+01
2.970000000000000000e+02 1.295996224999986589e+06 2.159993708333310860e+04 3.599989513888851889e+02 1.499995630787021561e+01
2.980000000000000000e+02 1.382396224999986589e+06 2.303993708333310860e+04 3.839989513888851889e+02 1.599995630787021561e+01
2.990000000000000000e+02 1.468796224999986589e+06 2.447993708333310860e+04 4.079989513888851889e+02 1.699995630787021383e+01
3.000000000000000000e+02 1.555196224999986589e+06 2.591993708333310860e+04 4.319989513888851889e+02 1.799995630787021383e+01
3.010000000000000000e+02 1.641596224999986589e+06 2.735993708333310860e+04 4.559989513888851889e+02 1.899995630787021383e+01
3.020000000000000000e+02 1.727996224999986589e+06 2.879993708333310860e+04 4.799989513888851889e+02 1.999995630787021383e+01
3.030000000000000000e+02 1.814396224999986589e+06 3.023993708333310860e+04 5.039989513888851889e+02 2.099995630787021383e+01
3.040000000000000000e+02 1.900796224999986589e+06 3.167993708333310860e+04 5.279989513888851889e+02 2.199995630787021383e+01
3.050000000000000000e+02 1.987196224999986589e+06 3.311993708333311224e+04 5.519989513888851889e+02 2.299995630787021383e+01
3.060000000000000000e+02 2.073596224999986589e+06 3.455993708333311224e+04 5.759989513888851889e+02 2.399995630787021383e+01
3.070000000000000000e+02 2.159996224999986589e+06 3.599993708333311224e+04 5.999989513888851889e+02 2.499995630787021383e+01
3.080000000000000000e+02 2.246396224999986589e+06 3.743993708333311224e+04 6.239989513888851889e+02 2.599995630787021383e+01
3.090000000000000000e+02 2.332796224999986589e+06 3.887993708333311224e+04 6.479989513888851889e+02 2.699995630787021383e+01
3.100000000000000000e+02 2.419196224999986589e+06 4.031993708333311224e+04 6.719989513888851889e+02 2.799995630787021383e+01
3.110000000000000000e+02 2.505596224999986589e+06 4.175993708333311224e+04 6.959989513888851889e+02 2.899995630787021383e+01
3.120000000000000000e+02 2.591996224999986589e+06 4.319993708333311224e+04 7.199989513888851889e+02 2.999995630787021383e+01
3.130000000000000000e+02 2.678396224999986589e+06 4.463993708333311224e+04 7.439989513888851889e+02 3.099995630787021383e+01
