0.000000000000000000e+00 -1.800000400000000000e+07 -3.000000666666666511e+05 -5.000001111111110731e+03 -2.083333796296296327e+02
1.000000000000000000e+00 -1.600000400000000000e+07 -2.666667333333333372e+05 -4.444445555555555984e+03 -1.851852314814814804e+02
2.000000000000000000e+00 -1.400000400000000000e+07 -2.333333999999999942e+05 -3.888889999999999873e+03 -1.620370833333333280e+02
3.000000000000000000e+00 -1.200000400000000000e+07 -2.000000666666666802e+05 -3.333334444444444671e+03 -1.388889351851851757e+02
4.000000000000000000e+00 -1.000000400000000000e+07 -1.666667333333333372e+05 -2.777778888888889014e+03 -1.157407870370370375e+02
5.000000000000000000e+00 -8.000004000000000000e+06 -1.333333999999999942e+05 -2.222223333333333358e+03 -9.259263888888888516e+01
6.000000000000000000e+00 -6.000004000000000000e+06 -1.000000666666666657e+05 -1.666667777777777701e+03 -6.944449074074074701e+01
7.000000000000000000e+00 -4.000004000000000000e+06 -6.666673333333333721e+04 -1.111112222222222272e+03 -4.629634259259259466e+01
8.000000000000000000e+00 -2.000004000000000000e+06 -3.333340000000000146e+04 -5.555566666666666151e+02 -2.314819444444444585e+01
9.000000000000000000e+00 -4.000000000000000000e+00 -6.666666666666666574e-02 -1.111111111111111110e-03 -4.629629629629629400e-05
1.000000000000000000e+01 -3.500000000000000000e+00 -5.833333333333333426e-02 -9.722222222222221943e-04 -4.050925925925925809e-05
1.100000000000000000e+01 -3.000000000000000000e+00 -5.000000000000000278e-02 -8.333333333333333868e-04 -3.472222222222222219e-05
1.200000000000000000e+01 -2.500000000000000000e+00 -4.166666666666666435e-02 -6.944444444444444709e-04 -2.893518518518518629e-05
1.300000000000000000e+01 -2.000000000000000000e+00 -3.333333333333333287e-02 -5.555555555555555551e-04 -2.314814814814814700e-05
1.400000000000000000e+01 -1.500000000000000000e+00 -2.500000000000000139e-02 -4.166666666666666934e-04 -1.736111111111111110e-05
1.500000000000000000e+01 -1.000000000000000000e+00 -1.666666666666666644e-02 -2.777777777777777775e-04 -1.157407407407407350e-05
1.600000000000000000e+01 -5.000000000000000000e-01 -8.333333333333333218e-03 -1.388888888888888888e-04 -5.787037037037036750e-06
1.700000000000000000e+01 0.000000000000000000e+00 0.000000000000000000e+00 0.000000000000000000e+00 0.000000000000000000e+00
1.800000000000000000e+01 2.500000000000000000e-01 4.166666666666666609e-03 6.944444444444444438e-05 2.893518518518518375e-06
1.900000000000000000e+01 5.000000000000000000e-01 8.333333333333333218e-03 1.388888888888888888e-04 5.787037037037036750e-06
2.000000000000000000e+01 7.500000000000000000e-01 1.250000000000000069e-02 2.083333333333333467e-04 8.680555555555555548e-06
2.100000000000000000e+01 1.000000000000000000e+00 1.666666666666666644e-02 2.777777777777777775e-04 1.157407407407407350e-05
2.200000000000000000e+01 1.250000000000000000e+00 2.083333333333333218e-02 3.472222222222222355e-04 1.446759259259259314e-05
2.300000000000000000e+01 1.500000000000000000e+00 2.500000000000000139e-02 4.166666666666666934e-04 1.736111111111111110e-05
2.400000000000000000e+01 1.750000000000000000e+00 2.916666666666666713e-02 4.861111111111110971e-04 2.025462962962962905e-05
2.500000000000000000e+01 2.000000000000000000e+00 3.333333333333333287e-02 5.555555555555555551e-04 2.314814814814814700e-05
2.600000000000000000e+01 2.250000000000000000e+00 3.749999999999999861e-02 6.250000000000000130e-04 2.604166666666666834e-05
2.700000000000000000e+01 2.500000000000000000e+00 4.166666666666666435e-02 6.944444444444444709e-04 2.893518518518518629e-05
2.800000000000000000e+01 2.750000000000000000e+00 4.583333333333333010e-02 7.638888888888889289e-04 3.182870370370370085e-05
2.900000000000000000e+01 3.000000000000000000e+00 5.000000000000000278e-02 8.333333333333333868e-04 3.472222222222222219e-05
3.000000000000000000e+01 3.250000000000000000e+00 5.416666666666666852e-02 9.027777777777777363e-04 3.761574074074074353e-05
3.100000000000000000e+01 3.500000000000000000e+00 5.833333333333333426e-02 9.722222222222221943e-04 4.050925925925925809e-05
3.200000000000000000e+01 3.750000000000000000e+00 6.250000000000000000e-02 1.041666666666666652e-03 4.340277777777777943e-05
3.300000000000000000e+01 4.000000000000000000e+00 6.666666666666666574e-02 1.111111111111111110e-03 4.629629629629629400e-05
3.400000000000000000e+01 4.250000000000000000e+00 7.083333333333333148e-02 1.180555555555555568e-03 4.918981481481481534e-05
3.500000000000000000e+01 4.500000000000000000e+00 7.499999999999999722e-02 1.250000000000000026e-03 5.208333333333333668e-05
3.600000000000000000e+01 4.750000000000000000e+00 7.916666666666666297e-02 1.319444444444444484e-03 5.497685185185185124e-05
3.700000000000000000e+01 5.000000000000000000e+00 8.333333333333332871e-02 1.388888888888888942e-03 5.787037037037037258e-05
3.800000000000000000e+01 5.250000000000000000e+00 8.749999999999999445e-02 1.458333333333333400e-03 6.076388888888888714e-05
3.900000000000000000e+01 5.500000000000000000e+00 9.166666666666666019e-02 1.527777777777777858e-03 6.365740740740740171e-05
4.000000000000000000e+01 5.750000000000000000e+00 9.583333333333333981e-02 1.597222222222222316e-03 6.655092592592592982e-05
4.100000000000000000e+01 6.000000000000000000e+00 1.000000000000000056e-01 1.666666666666666774e-03 6.944444444444444438e-05
4.200000000000000000e+01 6.250000000000000000e+00 1.041666666666666713e-01 1.736111111111111015e-03 7.233796296296295895e-05
4.300000000000000000e+01 6.500000000000000000e+00 1.083333333333333370e-01 1.805555555555555473e-03 7.523148148148148706e-05
4.400000000000000000e+01 6.750000000000000000e+00 1.125000000000000028e-01 1.874999999999999931e-03 7.812500000000000163e-05
4.500000000000000000e+01 7.000000000000000000e+00 1.166666666666666685e-01 1.944444444444444389e-03 8.101851851851851619e-05
4.600000000000000000e+01 7.250000000000000000e+00 1.208333333333333343e-01 2.013888888888888846e-03 8.391203703703703075e-05
4.700000000000000000e+01 7.500000000000000000e+00 1.250000000000000000e-01 2.083333333333333304e-03 8.680555555555555887e-05
4.800000000000000000e+01 7.750000000000000000e+00 1.291666666666666796e-01 2.152777777777777762e-03 8.969907407407407343e-05
4.900000000000000000e+01 8.000000000000000000e+00 1.333333333333333315e-01 2.222222222222222220e-03 9.259259259259258799e-05
5.000000000000000000e+01 8.250000000000000000e+00 1.375000000000000111e-01 2.291666666666666678e-03 9.548611111111111611e-05
5.100000000000000000e+01 8.500000000000000000e+00 1.416666666666666630e-01 2.361111111111111136e-03 9.837962962962963067e-05
5.200000000000000000e+01 8.750000000000000000e+00 1.458333333333333426e-01 2.430555555555555594e-03 1.012731481481481452e-04
5.300000000000000000e+01 9.000000000000000000e+00 1.499999999999999944e-01 2.500000000000000052e-03 1.041666666666666734e-04
5.400000000000000000e+01 9.250000000000000000e+00 1.541666666666666741e-01 2.569444444444444510e-03 1.070601851851851879e-04
5.500000000000000000e+01 9.500000000000000000e+00 1.583333333333333259e-01 2.638888888888888968e-03 1.099537037037037025e-04
5.600000000000000000e+01 9.750000000000000000e+00 1.625000000000000056e-01 2.708333333333333426e-03 1.128472222222222170e-04
5.700000000000000000e+01 1.000000000000000000e+01 1.666666666666666574e-01 2.777777777777777884e-03 1.157407407407407452e-04
5.800000000000000000e+01 1.025000000000000000e+01 1.708333333333333370e-01 2.847222222222222342e-03 1.186342592592592597e-04
5.900000000000000000e+01 1.050000000000000000e+01 1.749999999999999889e-01 2.916666666666666800e-03 1.215277777777777743e-04
6.000000000000000000e+01 1.075000000000000000e+01 1.791666666666666685e-01 2.986111111111111258e-03 1.244212962962963024e-04
6.100000000000000000e+01 1.100000000000000000e+01 1.833333333333333204e-01 3.055555555555555716e-03 1.273148148148148034e-04
6.200000000000000000e+01 1.125000000000000000e+01 1.875000000000000000e-01 3.125000000000000173e-03 1.302083333333333315e-04
6.300000000000000000e+01 1.150000000000000000e+01 1.916666666666666796e-01 3.194444444444444631e-03 1.331018518518518596e-04
6.400000000000000000e+01 1.175000000000000000e+01 1.958333333333333315e-01 3.263888888888889089e-03 1.359953703703703607e-04
6.500000000000000000e+01 1.200000000000000000e+01 2.000000000000000111e-01 3.333333333333333547e-03 1.388888888888888888e-04
6.600000000000000000e+01 1.225000000000000000e+01 2.041666666666666630e-01 3.402777777777777572e-03 1.417824074074074169e-04
6.700000000000000000e+01 1.250000000000000000e+01 2.083333333333333426e-01 3.472222222222222029e-03 1.446759259259259179e-04
6.800000000000000000e+01 1.275000000000000000e+01 2.124999999999999944e-01 3.541666666666666487e-03 1.475694444444444460e-04
6.900000000000000000e+01 1.300000000000000000e+01 2.166666666666666741e-01 3.611111111111110945e-03 1.504629629629629741e-04
7.000000000000000000e+01 1.325000000000000000e+01 2.208333333333333259e-01 3.680555555555555403e-03 1.533564814814814751e-04
7.100000000000000000e+01 1.350000000000000000e+01 2.250000000000000056e-01 3.749999999999999861e-03 1.562500000000000033e-04
7.200000000000000000e+01 1.375000000000000000e+01 2.291666666666666574e-01 3.819444444444444319e-03 1.591435185185185314e-04
7.300000000000000000e+01 1.400000000000000000e+01 2.333333333333333370e-01 3.888888888888888777e-03 1.620370370370370324e-04
7.400000000000000000e+01 1.425000000000000000e+01 2.374999999999999889e-01 3.958333333333333669e-03 1.649305555555555605e-04
7.500000000000000000e+01 1.450000000000000000e+01 2.416666666666666685e-01 4.027777777777777693e-03 1.678240740740740615e-04
7.600000000000000000e+01 1.475000000000000000e+01 2.458333333333333204e-01 4.097222222222222585e-03 1.707175925925925896e-04
7.700000000000000000e+01 1.500000000000000000e+01 2.500000000000000000e-01 4.166666666666666609e-03 1.736111111111111177e-04
7.800000000000000000e+01 1.525000000000000000e+01 2.541666666666666519e-01 4.236111111111111500e-03 1.765046296296296187e-04
7.900000000000000000e+01 1.550000000000000000e+01 2.583333333333333592e-01 4.305555555555555525e-03 1.793981481481481469e-04
8.000000000000000000e+01 1.575000000000000000e+01 2.625000000000000111e-01 4.375000000000000416e-03 1.822916666666666750e-04
8.100000000000000000e+01 1.600000000000000000e+01 2.666666666666666630e-01 4.444444444444444441e-03 1.851851851851851760e-04
8.200000000000000000e+01 1.625000000000000000e+01 2.708333333333333148e-01 4.513888888888888465e-03 1.880787037037037041e-04
8.300000000000000000e+01 1.650000000000000000e+01 2.750000000000000222e-01 4.583333333333333356e-03 1.909722222222222322e-04
8.400000000000000000e+01 1.675000000000000000e+01 2.791666666666666741e-01 4.652777777777777381e-03 1.938657407407407332e-04
8.500000000000000000e+01 1.700000000000000000e+01 2.833333333333333259e-01 4.722222222222222272e-03 1.967592592592592613e-04
8.600000000000000000e+01 1.725000000000000000e+01 2.874999999999999778e-01 4.791666666666666297e-03 1.996527777777777895e-04
8.700000000000000000e+01 1.750000000000000000e+01 2.916666666666666852e-01 4.861111111111111188e-03 2.025462962962962905e-04
8.800000000000000000e+01 1.775000000000000000e+01 2.958333333333333370e-01 4.930555555555555212e-03 2.054398148148148186e-04
8.900000000000000000e+01 1.800000000000000000e+01 2.999999999999999889e-01 5.000000000000000104e-03 2.083333333333333467e-04
9.000000000000000000e+01 1.825000000000000000e+01 3.041666666666666408e-01 5.069444444444444128e-03 2.112268518518518477e-04
9.100000000000000000e+01 1.850000000000000000e+01 3.083333333333333481e-01 5.138888888888889020e-03 2.141203703703703758e-04
9.200000000000000000e+01 1.875000000000000000e+01 3.125000000000000000e-01 5.208333333333333044e-03 2.170138888888888768e-04
9.300000000000000000e+01 1.900000000000000000e+01 3.166666666666666519e-01 5.277777777777777936e-03 2.199074074074074050e-04
9.400000000000000000e+01 1.925000000000000000e+01 3.208333333333333592e-01 5.347222222222221960e-03 2.228009259259259331e-04
9.500000000000000000e+01 1.950000000000000000e+01 3.250000000000000111e-01 5.416666666666666852e-03 2.256944444444444341e-04
9.600000000000000000e+01 1.975000000000000000e+01 3.291666666666666630e-01 5.486111111111110876e-03 2.285879629629629622e-04
9.700000000000000000e+01 2.000000000000000000e+01 3.333333333333333148e-01 5.555555555555555768e-03 2.314814814814814903e-04
9.800000000000000000e+01 2.050000000000000000e+01 3.416666666666666741e-01 5.694444444444444683e-03 2.372685185185185194e-04
9.900000000000000000e+01 2.100000000000000000e+01 3.499999999999999778e-01 5.833333333333333599e-03 2.430555555555555486e-04
1.000000000000000000e+02 2.150000000000000000e+01 3.583333333333333370e-01 5.972222222222222515e-03 2.488425925925926048e-04
1.010000000000000000e+02 2.200000000000000000e+01 3.666666666666666408e-01 6.111111111111111431e-03 2.546296296296296068e-04
1.020000000000000000e+02 2.250000000000000000e+01 3.750000000000000000e-01 6.250000000000000347e-03 2.604166666666666631e-04
1.030000000000000000e+02 2.300000000000000000e+01 3.833333333333333592e-01 6.388888888888889263e-03 2.662037037037037193e-04
1.040000000000000000e+02 2.350000000000000000e+01 3.916666666666666630e-01 6.527777777777778179e-03 2.719907407407407213e-04
1.050000000000000000e+02 2.400000000000000000e+01 4.000000000000000222e-01 6.666666666666667095e-03 2.777777777777777775e-04
1.060000000000000000e+02 2.450000000000000000e+01 4.083333333333333259e-01 6.805555555555555143e-03 2.835648148148148338e-04
1.070000000000000000e+02 2.500000000000000000e+01 4.166666666666666852e-01 6.944444444444444059e-03 2.893518518518518358e-04
1.080000000000000000e+02 2.550000000000000000e+01 4.249999999999999889e-01 7.083333333333332975e-03 2.951388888888888920e-04
1.090000000000000000e+02 2.600000000000000000e+01 4.333333333333333481e-01 7.222222222222221891e-03 3.009259259259259483e-04
1.100000000000000000e+02 2.650000000000000000e+01 4.416666666666666519e-01 7.361111111111110807e-03 3.067129629629629503e-04
1.110000000000000000e+02 2.700000000000000000e+01 4.500000000000000111e-01 7.499999999999999722e-03 3.125000000000000065e-04
1.120000000000000000e+02 2.750000000000000000e+01 4.583333333333333148e-01 7.638888888888888638e-03 3.182870370370370627e-04
1.130000000000000000e+02 2.800000000000000000e+01 4.666666666666666741e-01 7.777777777777777554e-03 3.240740740740740648e-04
1.140000000000000000e+02 2.850000000000000000e+01 4.749999999999999778e-01 7.916666666666667337e-03 3.298611111111111210e-04
1.150000000000000000e+02 2.900000000000000000e+01 4.833333333333333370e-01 8.055555555555555386e-03 3.356481481481481230e-04
1.160000000000000000e+02 2.950000000000000000e+01 4.916666666666666408e-01 8.194444444444445169e-03 3.414351851851851792e-04
1.170000000000000000e+02 3.000000000000000000e+01 5.000000000000000000e-01 8.333333333333333218e-03 3.472222222222222355e-04
1.180000000000000000e+02 3.050000000000000000e+01 5.083333333333333037e-01 8.472222222222223001e-03 3.530092592592592375e-04
1.190000000000000000e+02 3.100000000000000000e+01 5.166666666666667185e-01 8.611111111111111049e-03 3.587962962962962937e-04
1.200000000000000000e+02 3.150000000000000000e+01 5.250000000000000222e-01 8.750000000000000833e-03 3.645833333333333500e-04
1.210000000000000000e+02 3.200000000000000000e+01 5.333333333333333259e-01 8.888888888888888881e-03 3.703703703703703520e-04
1.220000000000000000e+02 3.250000000000000000e+01 5.416666666666666297e-01 9.027777777777776930e-03 3.761574074074074082e-04
1.230000000000000000e+02 3.300000000000000000e+01 5.500000000000000444e-01 9.166666666666666713e-03 3.819444444444444644e-04
1.240000000000000000e+02 3.350000000000000000e+01 5.583333333333333481e-01 9.305555555555554761e-03 3.877314814814814665e-04
1.250000000000000000e+02 3.400000000000000000e+01 5.666666666666666519e-01 9.444444444444444545e-03 3.935185185185185227e-04
1.260000000000000000e+02 3.450000000000000000e+01 5.749999999999999556e-01 9.583333333333332593e-03 3.993055555555555789e-04
1.270000000000000000e+02 3.500000000000000000e+01 5.833333333333333703e-01 9.722222222222222376e-03 4.050925925925925809e-04
1.280000000000000000e+02 3.550000000000000000e+01 5.916666666666666741e-01 9.861111111111110425e-03 4.108796296296296372e-04
1.290000000000000000e+02 3.600000000000000000e+01 5.999999999999999778e-01 1.000000000000000021e-02 4.166666666666666934e-04
1.300000000000000000e+02 3.650000000000000000e+01 6.083333333333332815e-01 1.013888888888888826e-02 4.224537037037036954e-04
1.310000000000000000e+02 3.700000000000000000e+01 6.166666666666666963e-01 1.027777777777777804e-02 4.282407407407407517e-04
1.320000000000000000e+02 3.750000000000000000e+01 6.250000000000000000e-01 1.041666666666666609e-02 4.340277777777777537e-04
1.330000000000000000e+02 3.800000000000000000e+01 6.333333333333333037e-01 1.055555555555555587e-02 4.398148148148148099e-04
1.340000000000000000e+02 3.850000000000000000e+01 6.416666666666667185e-01 1.069444444444444392e-02 4.456018518518518661e-04
1.350000000000000000e+02 3.900000000000000000e+01 6.500000000000000222e-01 1.083333333333333370e-02 4.513888888888888682e-04
1.360000000000000000e+02 3.950000000000000000e+01 6.583333333333333259e-01 1.097222222222222175e-02 4.571759259259259244e-04
1.370000000000000000e+02 4.000000000000000000e+01 6.666666666666666297e-01 1.111111111111111154e-02 4.629629629629629806e-04
1.380000000000000000e+02 4.050000000000000000e+01 6.750000000000000444e-01 1.124999999999999958e-02 4.687499999999999827e-04
1.390000000000000000e+02 4.100000000000000000e+01 6.833333333333333481e-01 1.138888888888888937e-02 4.745370370370370389e-04
1.400000000000000000e+02 4.150000000000000000e+01 6.916666666666666519e-01 1.152777777777777742e-02 4.803240740740740951e-04
1.410000000000000000e+02 4.200000000000000000e+01 6.999999999999999556e-01 1.166666666666666720e-02 4.861111111111110971e-04
1.420000000000000000e+02 4.250000000000000000e+01 7.083333333333333703e-01 1.180555555555555525e-02 4.918981481481480992e-04
1.430000000000000000e+02 4.300000000000000000e+01 7.166666666666666741e-01 1.194444444444444503e-02 4.976851851851852096e-04
1.440000000000000000e+02 4.350000000000000000e+01 7.249999999999999778e-01 1.208333333333333308e-02 5.034722222222222116e-04
1.450000000000000000e+02 4.400000000000000000e+01 7.333333333333332815e-01 1.222222222222222286e-02 5.092592592592592136e-04
1.460000000000000000e+02 4.450000000000000000e+01 7.416666666666666963e-01 1.236111111111111091e-02 5.150462962962963241e-04
1.470000000000000000e+02 4.500000000000000000e+01 7.500000000000000000e-01 1.250000000000000069e-02 5.208333333333333261e-04
1.480000000000000000e+02 4.550000000000000000e+01 7.583333333333333037e-01 1.263888888888888874e-02 5.266203703703703281e-04
1.490000000000000000e+02 4.600000000000000000e+01 7.666666666666667185e-01 1.277777777777777853e-02 5.324074074074074386e-04
1.500000000000000000e+02 4.650000000000000000e+01 7.750000000000000222e-01 1.291666666666666657e-02 5.381944444444444406e-04
1.510000000000000000e+02 4.700000000000000000e+01 7.833333333333333259e-01 1.305555555555555636e-02 5.439814814814814426e-04
1.520000000000000000e+02 4.750000000000000000e+01 7.916666666666666297e-01 1.319444444444444441e-02 5.497685185185185531e-04
1.530000000000000000e+02 4.800000000000000000e+01 8.000000000000000444e-01 1.333333333333333419e-02 5.555555555555555551e-04
1.540000000000000000e+02 4.850000000000000000e+01 8.083333333333333481e-01 1.347222222222222224e-02 5.613425925925925571e-04
1.550000000000000000e+02 4.900000000000000000e+01 8.166666666666666519e-01 1.361111111111111029e-02 5.671296296296296675e-04
1.560000000000000000e+02 4.950000000000000000e+01 8.249999999999999556e-01 1.375000000000000007e-02 5.729166666666666696e-04
1.570000000000000000e+02 5.000000000000000000e+01 8.333333333333333703e-01 1.388888888888888812e-02 5.787037037037036716e-04
1.580000000000000000e+02 5.050000000000000000e+01 8.416666666666666741e-01 1.402777777777777790e-02 5.844907407407407820e-04
1.590000000000000000e+02 5.100000000000000000e+01 8.499999999999999778e-01 1.416666666666666595e-02 5.902777777777777840e-04
1.600000000000000000e+02 5.150000000000000000e+01 8.583333333333332815e-01 1.430555555555555573e-02 5.960648148148147861e-04
1.610000000000000000e+02 5.200000000000000000e+01 8.666666666666666963e-01 1.444444444444444378e-02 6.018518518518518965e-04
1.620000000000000000e+02 5.250000000000000000e+01 8.750000000000000000e-01 1.458333333333333356e-02 6.076388888888888985e-04
1.630000000000000000e+02 5.300000000000000000e+01 8.833333333333333037e-01 1.472222222222222161e-02 6.134259259259259005e-04
1.640000000000000000e+02 5.350000000000000000e+01 8.916666666666667185e-01 1.486111111111111140e-02 6.192129629629630110e-04
1.650000000000000000e+02 5.400000000000000000e+01 9.000000000000000222e-01 1.499999999999999944e-02 6.250000000000000130e-04
1.660000000000000000e+02 5.450000000000000000e+01 9.083333333333333259e-01 1.513888888888888923e-02 6.307870370370370150e-04
1.670000000000000000e+02 5.500000000000000000e+01 9.166666666666666297e-01 1.527777777777777728e-02 6.365740740740741255e-04
1.680000000000000000e+02 5.550000000000000000e+01 9.250000000000000444e-01 1.541666666666666706e-02 6.423611111111111275e-04
1.690000000000000000e+02 5.600000000000000000e+01 9.333333333333333481e-01 1.555555555555555511e-02 6.481481481481481295e-04
1.700000000000000000e+02 1.160000000000000000e+02 1.933333333333333348e+00 3.222222222222222154e-02 1.342592592592592492e-03
1.710000000000000000e+02 1.760000000000000000e+02 2.933333333333333126e+00 4.888888888888889145e-02 2.037037037037036855e-03
1.720000000000000000e+02 2.360000000000000000e+02 3.933333333333333126e+00 6.555555555555556135e-02 2.731481481481481434e-03
1.730000000000000000e+02 2.960000000000000000e+02 4.933333333333333570e+00 8.222222222222222432e-02 3.425925925925926013e-03
1.740000000000000000e+02 3.560000000000000000e+02 5.933333333333333570e+00 9.888888888888888729e-02 4.120370370370370593e-03
1.750000000000000000e+02 4.160000000000000000e+02 6.933333333333333570e+00 1.155555555555555503e-01 4.814814814814815172e-03
1.760000000000000000e+02 4.760000000000000000e+02 7.933333333333333570e+00 1.322222222222222132e-01 5.509259259259258884e-03
1.770000000000000000e+02 5.360000000000000000e+02 8.933333333333333570e+00 1.488888888888888762e-01 6.203703703703703463e-03
1.780000000000000000e+02 5.960000000000000000e+02 9.933333333333333570e+00 1.655555555555555669e-01 6.898148148148148043e-03
1.790000000000000000e+02 6.560000000000000000e+02 1.093333333333333357e+01 1.822222222222222299e-01 7.592592592592592622e-03
1.800000000000000000e+02 7.160000000000000000e+02 1.193333333333333357e+01 1.988888888888888928e-01 8.287037037037037202e-03
1.810000000000000000e+02 7.760000000000000000e+02 1.293333333333333357e+01 2.155555555555555558e-01 8.981481481481480914e-03
1.820000000000000000e+02 8.360000000000000000e+02 1.393333333333333357e+01 2.322222222222222188e-01 9.675925925925926360e-03
1.830000000000000000e+02 8.960000000000000000e+02 1.493333333333333357e+01 2.488888888888888817e-01 1.037037037037037007e-02
1.840000000000000000e+02 9.560000000000000000e+02 1.593333333333333357e+01 2.655555555555555447e-01 1.106481481481481552e-02
1.850000000000000000e+02 1.016000000000000000e+03 1.693333333333333357e+01 2.822222222222222077e-01 1.175925925925925923e-02
1.860000000000000000e+02 1.076000000000000000e+03 1.793333333333333357e+01 2.988888888888888706e-01 1.245370370370370294e-02
1.870000000000000000e+02 1.136000000000000000e+03 1.893333333333333357e+01 3.155555555555555336e-01 1.314814814814814839e-02
1.880000000000000000e+02 1.196000000000000000e+03 1.993333333333333357e+01 3.322222222222221966e-01 1.384259259259259210e-02
1.890000000000000000e+02 1.256000000000000000e+03 2.093333333333333357e+01 3.488888888888889150e-01 1.453703703703703755e-02
1.900000000000000000e+02 1.316000000000000000e+03 2.193333333333333357e+01 3.655555555555555780e-01 1.523148148148148126e-02
1.910000000000000000e+02 1.376000000000000000e+03 2.293333333333333357e+01 3.822222222222222410e-01 1.592592592592592671e-02
1.920000000000000000e+02 1.436000000000000000e+03 2.393333333333333357e+01 3.988888888888889039e-01 1.662037037037036868e-02
1.930000000000000000e+02 1.496000000000000000e+03 2.493333333333333357e+01 4.155555555555555669e-01 1.731481481481481413e-02
1.940000000000000000e+02 1.556000000000000000e+03 2.593333333333333357e+01 4.322222222222222299e-01 1.800925925925925958e-02
1.950000000000000000e+02 1.616000000000000000e+03 2.693333333333333357e+01 4.488888888888888928e-01 1.870370370370370502e-02
1.960000000000000000e+02 1.676000000000000000e+03 2.793333333333333357e+01 4.655555555555555558e-01 1.939814814814814700e-02
1.970000000000000000e+02 1.736000000000000000e+03 2.893333333333333357e+01 4.822222222222222188e-01 2.009259259259259245e-02
1.980000000000000000e+02 1.796000000000000000e+03 2.993333333333333357e+01 4.988888888888888817e-01 2.078703703703703790e-02
1.990000000000000000e+02 1.856000000000000000e+03 3.093333333333333357e+01 5.155555555555555447e-01 2.148148148148147987e-02
2.000000000000000000e+02 1.916000000000000000e+03 3.193333333333333357e+01 5.322222222222222632e-01 2.217592592592592532e-02
2.010000000000000000e+02 1.976000000000000000e+03 3.293333333333333002e+01 5.488888888888888706e-01 2.287037037037037077e-02
2.020000000000000000e+02 2.036000000000000000e+03 3.393333333333333002e+01 5.655555555555555891e-01 2.356481481481481621e-02
2.030000000000000000e+02 2.096000000000000000e+03 3.493333333333333002e+01 5.822222222222221966e-01 2.425925925925925819e-02
2.040000000000000000e+02 2.156000000000000000e+03 3.593333333333333002e+01 5.988888888888889150e-01 2.495370370370370364e-02
2.050000000000000000e+02 2.216000000000000000e+03 3.693333333333333002e+01 6.155555555555555225e-01 2.564814814814814908e-02
2.060000000000000000e+02 2.276000000000000000e+03 3.793333333333333002e+01 6.322222222222222410e-01 2.634259259259259106e-02
2.070000000000000000e+02 2.336000000000000000e+03 3.893333333333333002e+01 6.488888888888888484e-01 2.703703703703703651e-02
2.080000000000000000e+02 2.396000000000000000e+03 3.993333333333333002e+01 6.655555555555555669e-01 2.773148148148148195e-02
2.090000000000000000e+02 2.456000000000000000e+03 4.093333333333333002e+01 6.822222222222221744e-01 2.842592592592592740e-02
2.100000000000000000e+02 2.516000000000000000e+03 4.193333333333333002e+01 6.988888888888888928e-01 2.912037037037036938e-02
2.110000000000000000e+02 2.576000000000000000e+03 4.293333333333333002e+01 7.155555555555555003e-01 2.981481481481481483e-02
2.120000000000000000e+02 2.636000000000000000e+03 4.393333333333333002e+01 7.322222222222222188e-01 3.050925925925926027e-02
2.130000000000000000e+02 2.696000000000000000e+03 4.493333333333333002e+01 7.488888888888889372e-01 3.120370370370370225e-02
2.140000000000000000e+02 2.756000000000000000e+03 4.593333333333333002e+01 7.655555555555555447e-01 3.189814814814814770e-02
2.150000000000000000e+02 2.816000000000000000e+03 4.693333333333333002e+01 7.822222222222222632e-01 3.259259259259258967e-02
2.160000000000000000e+02 2.876000000000000000e+03 4.793333333333333002e+01 7.988888888888888706e-01 3.328703703703703859e-02
2.170000000000000000e+02 2.936000000000000000e+03 4.893333333333333002e+01 8.155555555555555891e-01 3.398148148148148057e-02
2.180000000000000000e+02 2.996000000000000000e+03 4.993333333333333002e+01 8.322222222222221966e-01 3.467592592592592254e-02
2.190000000000000000e+02 3.056000000000000000e+03 5.093333333333333002e+01 8.488888888888889150e-01 3.537037037037037146e-02
2.200000000000000000e+02 3.116000000000000000e+03 5.193333333333333002e+01 8.655555555555555225e-01 3.606481481481481344e-02
2.210000000000000000e+02 3.176000000000000000e+03 5.293333333333333002e+01 8.822222222222222410e-01 3.675925925925926235e-02
2.220000000000000000e+02 3.236000000000000000e+03 5.393333333333333002e+01 8.988888888888888484e-01 3.745370370370370433e-02
2.230000000000000000e+02 3.296000000000000000e+03 5.493333333333333002e+01 9.155555555555555669e-01 3.814814814814814631e-02
2.240000000000000000e+02 3.356000000000000000e+03 5.593333333333333002e+01 9.322222222222221744e-01 3.884259259259259522e-02
2.250000000000000000e+02 3.416000000000000000e+03 5.693333333333333002e+01 9.488888888888888928e-01 3.953703703703703720e-02
2.260000000000000000e+02 3.476000000000000000e+03 5.793333333333333002e+01 9.655555555555555003e-01 4.023148148148147918e-02
2.270000000000000000e+02 3.536000000000000000e+03 5.893333333333333002e+01 9.822222222222222188e-01 4.092592592592592809e-02
2.280000000000000000e+02 3.596000000000000000e+03 5.993333333333333002e+01 9.988888888888889372e-01 4.162037037037037007e-02
2.290000000000000000e+02 5.396000000000000000e+03 8.993333333333333712e+01 1.498888888888888937e+00 6.245370370370370572e-02
2.300000000000000000e+02 7.196000000000000000e+03 1.199333333333333371e+02 1.998888888888888937e+00 8.328703703703703443e-02
2.310000000000000000e+02 8.996000000000000000e+03 1.499333333333333371e+02 2.498888888888888715e+00 1.041203703703703770e-01
2.320000000000000000e+02 1.079600000000000000e+04 1.799333333333333371e+02 2.998888888888888715e+00 1.249537037037037057e-01
2.330000000000000000e+02 1.259600000000000000e+04 2.099333333333333371e+02 3.498888888888888715e+00 1.457870370370370483e-01
2.340000000000000000e+02 1.439600000000000000e+04 2.399333333333333371e+02 3.998888888888888715e+00 1.666203703703703631e-01
2.350000000000000000e+02 1.619600000000000000e+04 2.699333333333333371e+02 4.498888888888888715e+00 1.874537037037037057e-01
2.360000000000000000e+02 1.799600000000000000e+04 2.999333333333333371e+02 4.998888888888888715e+00 2.082870370370370483e-01
2.370000000000000000e+02 1.979600000000000000e+04 3.299333333333333371e+02 5.498888888888888715e+00 2.291203703703703631e-01
2.380000000000000000e+02 2.159600000000000000e+04 3.599333333333333371e+02 5.998888888888888715e+00 2.499537037037037057e-01
2.390000000000000000e+02 2.339600000000000000e+04 3.899333333333333371e+02 6.498888888888888715e+00 2.707870370370370483e-01
2.400000000000000000e+02 2.519600000000000000e+04 4.199333333333333371e+02 6.998888888888888715e+00 2.916203703703703631e-01
2.410000000000000000e+02 2.699600000000000000e+04 4.499333333333333371e+02 7.498888888888888715e+00 3.124537037037036780e-01
2.420000000000000000e+02 2.879600000000000000e+04 4.799333333333333371e+02 7.998888888888888715e+00 3.332870370370370483e-01
2.430000000000000000e+02 3.059600000000000000e+04 5.099333333333333371e+02 8.498888888888888715e+00 3.541203703703703631e-01
2.440000000000000000e+02 3.239600000000000000e+04 5.399333333333332803e+02 8.998888888888888715e+00 3.749537037037036780e-01
2.450000000000000000e+02 3.419600000000000000e+04 5.699333333333332803e+02 9.498888888888888715e+00 3.957870370370370483e-01
2.460000000000000000e+02 3.599600000000000000e+04 5.999333333333332803e+02 9.998888888888888715e+00 4.166203703703703631e-01
2.470000000000000000e+02 3.779600000000000000e+04 6.299333333333332803e+02 1.049888888888888872e+01 4.374537037037036780e-01
2.480000000000000000e+02 3.959600000000000000e+04 6.599333333333332803e+02 1.099888888888888872e+01 4.582870370370370483e-01
2.490000000000000000e+02 4.139600000000000000e+04 6.899333333333332803e+02 1.149888888888888872e+01 4.791203703703703631e-01
2.500000000000000000e+02 4.319600000000000000e+04 7.199333333333332803e+02 1.199888888888888872e+01 4.999537037037036780e-01
2.510000000000000000e+02 4.499600000000000000e+04 7.499333333333332803e+02 1.249888888888888872e+01 5.207870370370369928e-01
2.520000000000000000e+02 4.679600000000000000e+04 7.799333333333332803e+02 1.299888888888888872e+01 5.416203703703703631e-01
2.530000000000000000e+02 4.859600000000000000e+04 8.099333333333332803e+02 1.349888888888888872e+01 5.624537037037037335e-01
2.540000000000000000e+02 5.039600000000000000e+04 8.399333333333332803e+02 1.399888888888888872e+01 5.832870370370369928e-01
2.550000000000000000e+02 5.219600000000000000e+04 8.699333333333332803e+02 1.449888888888888872e+01 6.041203703703703631e-01
2.560000000000000000e+02 5.399600000000000000e+04 8.999333333333332803e+02 1.499888888888888872e+01 6.249537037037037335e-01
2.570000000000000000e+02 5.579600000000000000e+04 9.299333333333332803e+02 1.549888888888888872e+01 6.457870370370369928e-01
2.580000000000000000e+02 5.759600000000000000e+04 9.599333333333332803e+02 1.599888888888888872e+01 6.666203703703703631e-01
2.590000000000000000e+02 5.939600000000000000e+04 9.899333333333332803e+02 1.649888888888888872e+01 6.874537037037037335e-01
2.600000000000000000e+02 6.119600000000000000e+04 1.019933333333333280e+03 1.699888888888888872e+01 7.082870370370369928e-01
2.610000000000000000e+02 6.299600000000000000e+04 1.049933333333333394e+03 1.749888888888888872e+01 7.291203703703703631e-01
2.620000000000000000e+02 6.479600000000000000e+04 1.079933333333333394e+03 1.799888888888888872e+01 7.499537037037037335e-01
2.630000000000000000e+02 6.659600000000000000e+04 1.109933333333333394e+03 1.849888888888888872e+01 7.707870370370369928e-01
2.640000000000000000e+02 6.839600000000000000e+04 1.139933333333333394e+03 1.899888888888888872e+01 7.916203703703703631e-01
2.650000000000000000e+02 7.019600000000000000e+04 1.169933333333333394e+03 1.949888888888888872e+01 8.124537037037037335e-01
2.660000000000000000e+02 7.199600000000000000e+04 1.199933333333333394e+03 1.999888888888888872e+01 8.332870370370369928e-01
2.670000000000000000e+02 7.379600000000000000e+04 1.229933333333333394e+03 2.049888888888888872e+01 8.541203703703703631e-01
2.680000000000000000e+02 7.559600000000000000e+04 1.259933333333333394e+03 2.099888888888888872e+01 8.749537037037037335e-01
2.690000000000000000e+02 7.739600000000000000e+04 1.289933333333333394e+03 2.149888888888888872e+01 8.957870370370369928e-01
2.700000000000000000e+02 7.919600000000000000e+04 1.319933333333333394e+03 2.199888888888888872e+01 9.166203703703703631e-01
2.710000000000000000e+02 8.099600000000000000e+04 1.349933333333333394e+03 2.249888888888888872e+01 9.374537037037037335e-01
2.720000000000000000e+02 8.279600000000000000e+04 1.379933333333333394e+03 2.299888888888888872e+01 9.582870370370369928e-01
2.730000000000000000e+02 8.459600000000000000e+04 1.409933333333333394e+03 2.349888888888888872e+01 9.791203703703703631e-01
2.740000000000000000e+02 8.639600000000000000e+04 1.439933333333333394e+03 2.399888888888888872e+01 9.999537037037037335e-01
2.750000000000000000e+02 1.727960000000000000e+05 2.879933333333333394e+03 4.799888888888889227e+01 1.999953703703703622e+00
2.760000000000000000e+02 2.591960000000000000e+05 4.319933333333333394e+03 7.199888888888888516e+01 2.999953703703703844e+00
2.770000000000000000e+02 3.455960000000000000e+05 5.759933333333333394e+03 9.599888888888888516e+01 3.999953703703703844e+00
2.780000000000000000e+02 4.319960000000000000e+05 7.199933333333333394e+03 1.199988888888888852e+02 4.999953703703703844e+00
2.790000000000000000e+02 5.183960000000000000e+05 8.639933333333332484e+03 1.439988888888888994e+02 5.999953703703703844e+00
2.800000000000000000e+02 6.047960000000000000e+05 1.007993333333333248e+04 1.679988888888888994e+02 6.999953703703703844e+00
2.810000000000000000e+02 6.911960000000000000e+05 1.151993333333333248e+04 1.919988888888888994e+02 7.999953703703703844e+00
2.820000000000000000e+02 7.775960000000000000e+05 1.295993333333333248e+04 2.159988888888888994e+02 8.999953703703702956e+00
2.830000000000000000e+02 8.639960000000000000e+05 1.439993333333333248e+04 2.399988888888888994e+02 9.999953703703702956e+00
2.840000000000000000e+02 9.503960000000000000e+05 1.583993333333333248e+04 2.639988888888888710e+02 1.099995370370370296e+01
2.850000000000000000e+02 1.036796000000000000e+06 1.727993333333333430e+04 2.879988888888888710e+02 1.199995370370370296e+01
2.860000000000000000e+02 1.123196000000000000e+06 1.871993333333333430e+04 3.119988888888888710e+02 1.299995370370370296e+01
2.870000000000000000e+02 1.209596000000000000e+06 2.015993333333333430e+04 3.359988888888888710e+02 1.399995370370370296e+01
2.880000000000000000e+02 1.295996000000000000e+06 2.159993333333333430e+04 3.599988888888888710e+02 1.499995370370370296e+01
2.890000000000000000e+02 1.382396000000000000e+06 2.303993333333333430e+04 3.839988888888888710e+02 1.599995370370370296e+01
2.900000000000000000e+02 1.468796000000000000e+06 2.447993333333333430e+04 4.079988888888888710e+02 1.699995370370370296e+01
2.910000000000000000e+02 1.555196000000000000e+06 2.591993333333333430e+04 4.319988888888888710e+02 1.799995370370370296e+01
2.920000000000000000e+02 1.641596000000000000e+06 2.735993333333333430e+04 4.559988888888888710e+02 1.899995370370370296e+01
2.930000000000000000e+02 1.727996000000000000e+06 2.879993333333333430e+04 4.799988888888888710e+02 1.999995370370370296e+01
2.940000000000000000e+02 1.814396000000000000e+06 3.023993333333333430e+04 5.039988888888888710e+02 2.099995370370370296e+01
2.950000000000000000e+02 1.900796000000000000e+06 3.167993333333333430e+04 5.279988888888889278e+02 2.199995370370370296e+01
2.960000000000000000e+02 1.987196000000000000e+06 3.311993333333333430e+04 5.519988888888889278e+02 2.299995370370370296e+01
2.970000000000000000e+02 2.073596000000000000e+06 3.455993333333333430e+04 5.759988888888889278e+02 2.399995370370370296e+01
2.980000000000000000e+02 2.159996000000000000e+06 3.599993333333333430e+04 5.999988888888889278e+02 2.499995370370370296e+01
2.990000000000000000e+02 2.246396000000000000e+06 3.743993333333333430e+04 6.239988888888889278e+02 2.599995370370370296e+01
3.000000000000000000e+02 2.332796000000000000e+06 3.887993333333333430e+04 6.479988888888889278e+02 2.699995370370370296e+01
3.010000000000000000e+02 2.419196000000000000e+06 4.031993333333333430e+04 6.719988888888889278e+02 2.799995370370370296e+01
3.020000000000000000e+02 2.505596000000000000e+06 4.175993333333333430e+04 6.959988888888889278e+02 2.899995370370370296e+01
3.030000000000000000e+02 2.591996000000000000e+06 4.319993333333333430e+04 7.199988888888889278e+02 2.999995370370370296e+01
3.040000000000000000e+02 2.678396000000000000e+06 4.463993333333333430e+04 7.439988888888889278e+02 3.099995370370370296e+01
