-5.548856278332276647e-05
-1.270575640617718457e-04
-1.837696379580379272e-04
-1.843226871671633691e-04
-8.421818588120129931e-05
2.118005855300601997e-04
6.946574538867790732e-04
1.354504450625422908e-03
2.160031389748571281e-03
3.069981933312752875e-03
3.070474858294014973e-03
3.069930866554134233e-03
3.070520292491250164e-03
3.070438366815877139e-03
3.070392376919310346e-03
3.070392972829032088e-03
3.070111997447420166e-03
3.070454723921040973e-03
2.467424619372095632e-02
4.729346367398538226e-02
8.108190154647390568e-02
1.116307396822742715e-01
1.413188865778876591e-01
1.696338423484931024e-01
1.974561261120563460e-01
2.246699089038542707e-01
2.210227540852913730e-01
2.156114367675272814e-01
2.099193514688184881e-01
2.047829823088937740e-01
2.003647928954314927e-01
1.966737592932266687e-01
1.933561754980590297e-01
1.908860646205292610e-01
1.887794583299249873e-01
1.869418128241140953e-01
1.854445511280465864e-01
1.843019656784980476e-01
1.835542467105907294e-01
1.828551731381432011e-01
1.823700439032455989e-01
1.818748959727621017e-01
1.814183051805248192e-01
1.812857748404973768e-01
1.810894971377472185e-01
1.808606920545396957e-01
1.807219997698724101e-01
1.806910247869142616e-01
1.805344128035996643e-01
1.805143960515314117e-01
1.805044372381480744e-01
1.804616210475244176e-01
1.803819180733023109e-01
1.803987723747291216e-01
1.804816969315760355e-01
1.804299703377320041e-01
1.803645625968130217e-01
1.804038765641138853e-01
1.802912151768836790e-01
1.803777802518911899e-01
1.803973604524949093e-01
1.803594856079692443e-01
1.802838340480478196e-01
1.803580364084514664e-01
1.803532948117675117e-01
1.803492632283403840e-01
1.803507960412280842e-01
1.803604457101017633e-01
1.802153438946495767e-01
1.803217349229468414e-01
1.803605014517834226e-01
1.803365175807240262e-01
1.803598951407584250e-01
1.802749800913966416e-01
1.802982984246045695e-01
1.802598055133686206e-01
1.802150951905074627e-01
1.803212843905611651e-01
1.804094911352774055e-01
1.803182102264359044e-01
1.803166086028031856e-01
1.803371481573167456e-01
1.802823465147207205e-01
1.803409350897055008e-01
1.802352794604981934e-01
1.803071554648437436e-01
1.803047216352913762e-01
1.803036941957518180e-01
1.803107886595540499e-01
1.803295797893771923e-01
1.803021424199549583e-01
1.802487972100931812e-01
1.802625866920269104e-01
1.803270307624194047e-01
1.802980908277197203e-01
1.803173366192163118e-01
1.802883523275453648e-01
1.802873994577398886e-01
1.802867819253549664e-01
1.803209105822667635e-01
1.802912309751509012e-01
1.803170300834966988e-01
1.802559818570767247e-01
1.801983202343783452e-01
1.802696935778168308e-01
1.803056102772805369e-01
1.802043687872638134e-01
1.802831521258148884e-01
1.803029843626341722e-01
1.802802446781710255e-01
1.802939381326627288e-01
1.801990714560550155e-01
1.802984099039044441e-01
1.802441149790029729e-01
1.802764309874526905e-01
1.802632896922703731e-01
1.802744586226447399e-01
1.802493085592697386e-01
1.802513039071308443e-01
1.802957618535234452e-01
1.802798777712936174e-01
1.802694045728647221e-01
1.802647355848546740e-01
1.802551747191664944e-01
1.801879658021422193e-01
1.801871842888909114e-01
1.802579163097937087e-01
1.802737141405592047e-01
1.802670394866141002e-01
1.802624820674025574e-01
1.802288907113104854e-01
1.802968517595856524e-01
1.802823745805863243e-01
1.802701235552859882e-01
1.802838864070730462e-01
1.803393610556220938e-01
1.803785477154832284e-01
1.804176099941708356e-01
1.803681182681579898e-01
1.803948539565494169e-01
1.805375880349163464e-01
1.804822760695830586e-01
1.806171410267503885e-01
1.804954684399269205e-01
1.807138555268800739e-01
1.806575531970880111e-01
1.807863503826966090e-01
1.807208469435025167e-01
1.808797842274897927e-01
1.808805073881561143e-01
1.808892666220284495e-01
1.809857074321584436e-01
1.810228478699968391e-01
1.810708345834582678e-01
1.810428385717346988e-01
1.810701026783023415e-01
1.811639266047816443e-01
1.811937578121080861e-01
1.812967628720104918e-01
1.812569273077274667e-01
1.812766736299708803e-01
1.813193578622594448e-01
1.813380954995406913e-01
1.813918952658198636e-01
1.814842555088829745e-01
1.814992751671276605e-01
1.815273056153990372e-01
1.814965905583085515e-01
1.816099141671486394e-01
1.816605704741096061e-01
1.816368320925370872e-01
1.816826088024848518e-01
1.817643257877821772e-01
1.818006659140377346e-01
1.817491081488583071e-01
1.818433365813726388e-01
1.818206056286928995e-01
1.819225439951439316e-01
1.818720742537751345e-01
1.819909973025781724e-01
1.820130058888583535e-01
1.820612071835707724e-01
1.820563116016677419e-01
1.821304545036229461e-01
1.821752131321090762e-01
1.821991356143969343e-01
1.822262552332294394e-01
1.822669954510880153e-01
1.823329519253770736e-01
1.822800813667098119e-01
1.823836972693613501e-01
1.824105700865256696e-01
1.823251428089083803e-01
1.833463285919249564e-01
1.841694113084743067e-01
1.849398186082691076e-01
1.855659341059189560e-01
1.861918135310385858e-01
1.866778035575243355e-01
1.872195470034222209e-01
1.876839538089614123e-01
1.880706064422863755e-01
1.883945830555765755e-01
1.887250171414273647e-01
1.889660404866920496e-01
1.892127541326286133e-01
1.893964830823476331e-01
1.895916821055602108e-01
1.896456520665606993e-01
1.898558520809031647e-01
1.899111910514736656e-01
1.900369190881443515e-01
1.902196721079304209e-01
1.901018080222046935e-01
1.900424515064000897e-01
1.901468080522742410e-01
1.900980859692377178e-01
1.900148694141446937e-01
1.900654335605025669e-01
1.898968246240259339e-01
1.899189979897221159e-01
1.898415402088989845e-01
1.897783225741256630e-01
1.896539143624004498e-01
1.895463341856989670e-01
1.894457103019807909e-01
1.893041713198764520e-01
1.891865281918085340e-01
1.889768052238242346e-01
1.888827446447500502e-01
1.887487799880764316e-01
1.885475209037479893e-01
1.883980796178497674e-01
1.882277605062415704e-01
1.880656593074119254e-01
1.878590832759832185e-01
1.876694959510097072e-01
1.875425612648097540e-01
1.872752345640009974e-01
1.743552728128897333e-01
1.609925096712982173e-01
1.482791456619088621e-01
1.366232729657145262e-01
1.261183304068366207e-01
1.167546037334958320e-01
1.084238991351816755e-01
1.010093821731510438e-01
9.440113926304394276e-02
8.847812004371466421e-02
8.319972065781681969e-02
7.843729754939117449e-02
7.414427332832565498e-02
7.024981686492101640e-02
6.669770071255529120e-02
6.344893779313379167e-02
6.050672471059422713e-02
5.779167373462654883e-02
5.530729097013598744e-02
5.298882140158384796e-02
5.087019131039233893e-02
4.888137270259514805e-02
4.704579421538625933e-02
4.533524365696374459e-02
4.374067706632317476e-02
4.224968329108690773e-02
4.085460237615043400e-02
3.954464830440573841e-02
3.831815072320510218e-02
3.716274568153775382e-02
