9.444688136351650151e-03
3.049421803924906235e-02
5.981872853630873510e-02
9.419111450007330855e-02
1.315168569687070466e-01
1.611326219680926930e-01
1.802327687924482891e-01
1.917344501280795477e-01
1.986466303983392134e-01
2.028967531248983269e-01
2.028901123415088603e-01
2.028957608815337155e-01
2.028951703438382215e-01
2.028877497487065196e-01
2.028919061147317349e-01
2.028945988879994611e-01
2.028929489657178009e-01
2.028941003382904451e-01
4.389872592164459353e-01
7.488653469479520375e-01
1.054234991436972413e+00
1.314102204118232642e+00
1.505336152910302205e+00
1.674831922778633908e+00
1.845998451256301909e+00
2.024528335572608029e+00
2.120277536983752320e+00
2.164596321534465240e+00
2.180393195526446171e+00
2.178297929542336142e+00
2.167306997719955941e+00
2.146868908216192029e+00
2.119741969083400512e+00
2.092921694448798942e+00
2.069652015491424191e+00
2.051212522092244583e+00
2.035909716192279895e+00
2.023774706322045258e+00
2.013770250202625789e+00
2.006010565945143043e+00
1.999624801789292361e+00
1.995121777023089793e+00
1.990536674663735850e+00
1.987111396268472552e+00
1.986115837947364238e+00
1.984336508905623297e+00
1.982456952024838071e+00
1.981979275397139473e+00
1.981108817216283402e+00
1.980031817962529361e+00
1.979148246226186458e+00
1.979273749921534931e+00
1.979746886900533687e+00
1.978202955136539209e+00
1.978044955531881088e+00
1.978900260470259909e+00
1.978852790316327992e+00
1.978167931941439805e+00
1.978548834380129406e+00
1.978561487790870155e+00
1.978223221640603935e+00
1.978541599085635871e+00
1.977274885705522456e+00
1.978544340645574273e+00
1.978389934429644059e+00
1.978579572403256215e+00
1.977321800069849811e+00
1.978102714553406916e+00
1.978340560770282863e+00
1.977011266370602538e+00
1.977565212218866941e+00
1.978504237185806591e+00
1.977839472266605503e+00
1.977955112386519332e+00
1.977501326180969521e+00
1.978575088598353515e+00
1.978384159242742468e+00
1.978730139003353372e+00
1.978011554722248544e+00
1.978714824024671026e+00
1.978460415014523299e+00
1.978514794001806409e+00
1.977997796679250575e+00
1.978551000779850577e+00
1.978855346515508318e+00
1.978590864385387782e+00
1.978582864542281383e+00
1.978603356765916699e+00
1.978200356394376858e+00
1.977914415495731104e+00
1.978217841925941745e+00
1.978163242023808444e+00
1.977739937133245807e+00
1.978657426267054431e+00
1.978447676674865763e+00
1.977963349658534264e+00
1.978351130101311028e+00
1.978199669815348560e+00
1.978030340930887698e+00
1.978404955153065803e+00
1.978155545760116096e+00
1.978933527103560852e+00
1.978912095761602652e+00
1.978458305340566215e+00
1.978949430848906621e+00
1.978630345400697044e+00
1.978198923840078338e+00
1.979070287753969870e+00
1.977597924625592807e+00
1.978957789665171774e+00
1.979080792659194898e+00
1.979355004295491716e+00
1.979072075924411367e+00
1.978855759087670974e+00
1.979140280802489604e+00
1.979358267345193267e+00
1.979310258571722381e+00
1.978700679975874621e+00
1.979229474583172221e+00
1.979551958660241695e+00
1.979232461357947281e+00
1.979205383615292746e+00
1.978254220875069747e+00
1.979205180276560450e+00
1.979354190643183298e+00
1.979367581992135694e+00
1.979627370714451162e+00
1.978994604381013156e+00
1.978874342242635365e+00
1.979208272051119710e+00
1.979542842815197989e+00
1.979725949404963492e+00
1.979295232235954272e+00
1.979535379952023222e+00
1.983441247343841418e+00
1.986104610495869061e+00
1.990652222091289669e+00
1.993519952142810858e+00
1.998097975969340467e+00
2.000328135919153816e+00
2.003991221520628585e+00
2.007346011428734478e+00
2.009507149615883392e+00
2.012173962762598300e+00
2.015552264575954933e+00
2.018189339786643277e+00
2.021063528592887071e+00
2.022461859920531957e+00
2.025630744741030220e+00
2.027960837252306803e+00
2.030407817342772869e+00
2.032291299158820230e+00
2.034118704897879049e+00
2.036534632037025006e+00
2.038902431426599104e+00
2.039971948357575560e+00
2.042114763188959792e+00
2.043687682197215860e+00
2.045298172985238860e+00
2.046893670553030731e+00
2.049947656980247057e+00
2.049226417549788071e+00
2.051056696489170772e+00
2.052701160178810103e+00
2.054086104753310771e+00
2.055247433405423152e+00
2.056054837042854189e+00
2.058793113408640352e+00
2.058770135626029063e+00
2.060538460543565265e+00
2.060869631172979943e+00
2.061360884587349673e+00
2.063110353278046372e+00
2.063690787076785771e+00
2.064676973861541587e+00
2.065339916903844220e+00
2.066085686896177886e+00
2.066894546347870953e+00
2.067896660892047933e+00
2.068268611956617598e+00
2.070868895135635768e+00
2.069611588975058147e+00
2.070092235223874866e+00
2.070893290852546809e+00
2.071240534858028060e+00
2.071636324313889332e+00
2.071976242234744969e+00
2.072809998786683483e+00
2.072907818473969765e+00
2.073593078307665483e+00
2.075375589573070112e+00
2.074045096937460197e+00
2.074257952262667626e+00
2.069192356347322015e+00
2.056313361260963646e+00
2.036833770874622029e+00
2.015275478733160597e+00
1.989969580929201287e+00
1.963724958507579554e+00
1.934977783223309489e+00
1.906093060992240407e+00
1.876695213183155575e+00
1.846434467640115651e+00
1.817612821690799629e+00
1.788017737211390124e+00
1.758407188741122562e+00
1.729906161132758635e+00
1.701654695780399740e+00
1.673762571461069992e+00
1.646275270980111616e+00
1.619452281940416905e+00
1.593150040680313850e+00
1.567273096169909730e+00
1.542157426975270473e+00
1.518135424648669352e+00
1.494302417328480681e+00
1.471115396510239481e+00
1.448458779763175608e+00
1.426408201667115794e+00
1.404957819205914449e+00
1.383671629178750750e+00
1.363962071842344415e+00
1.344224884782368123e+00
1.324668760946372759e+00
1.305793378380530889e+00
1.287605339858711284e+00
1.269827444398402561e+00
1.252779023197858388e+00
1.235306073491920342e+00
1.219116932414361809e+00
1.203185825291861910e+00
1.187599752644100004e+00
1.172389989756461359e+00
1.157594894988675627e+00
1.143333967695708164e+00
1.129060415785752669e+00
1.115329605020107362e+00
1.101802550512470891e+00
1.088886953289933457e+00
7.734604297213794055e-01
5.974807460094725409e-01
4.912237657839111371e-01
4.226330736825957279e-01
3.757805276937615235e-01
3.424879563842124774e-01
3.179739100451294265e-01
2.992821406926549077e-01
2.848161281501222497e-01
2.733682299672850480e-01
2.641194900253206468e-01
2.565777965209693479e-01
2.503500949074375925e-01
2.451404851060940415e-01
2.407675844387349717e-01
2.370528338853554184e-01
2.338750783755768059e-01
2.311447616786063974e-01
2.287556333567696831e-01
2.266819024453615161e-01
2.248939319134424797e-01
2.233153633037466557e-01
2.219261826960415296e-01
2.206924015345092527e-01
2.196027975133144627e-01
2.186414787809466964e-01
2.177788659420393236e-01
2.170117701137208310e-01
2.163209625079229592e-01
2.156948238580720933e-01
