9.445105755108124113e-03
3.049378706166675987e-02
5.981794707606804401e-02
9.418502307960459341e-02
1.315088830097393968e-01
1.611214482260675540e-01
1.802355992434029330e-01
1.917403765814352512e-01
1.986470783572749643e-01
2.028884060788219423e-01
2.028895660605186391e-01
2.029221821838164130e-01
2.028934120431099275e-01
2.029010538112981932e-01
2.028928762538361463e-01
2.029015874262105890e-01
2.028925478736714749e-01
2.028926162331926852e-01
4.289985861880521445e-01
7.427872870618646983e-01
1.050480114345996308e+00
1.349754281698390512e+00
1.617954837666220280e+00
1.824609064142955761e+00
1.993117278092189970e+00
2.156916305504596121e+00
2.213796116329312724e+00
2.230303224995985545e+00
2.226863401823126587e+00
2.210331441364079996e+00
2.184639571474082942e+00
2.153401395327071199e+00
2.121537065613024797e+00
2.093770839255228555e+00
2.071651546532394583e+00
2.051119560855125368e+00
2.035724754091701172e+00
2.023634787302825977e+00
2.013829010535253872e+00
2.006008504811418014e+00
1.999803189185884289e+00
1.995103206682152797e+00
1.991227994398276024e+00
1.988408887813841952e+00
1.986131756244766011e+00
1.984247874474376117e+00
1.983211136075835324e+00
1.981906631840254729e+00
1.981122909457142756e+00
1.979334671626897579e+00
1.980087599767603956e+00
1.979733767770729402e+00
1.979461052761676942e+00
1.979241992271067341e+00
1.979011787546645085e+00
1.979137267241444009e+00
1.978822381464935720e+00
1.978877219813008903e+00
1.977703661769740107e+00
1.978817710917698536e+00
1.979367365650062993e+00
1.978385643589106957e+00
1.978484763808473934e+00
1.979883087000965602e+00
1.978366653191408808e+00
1.977782935799259789e+00
1.978265174146748295e+00
1.978250901236821013e+00
1.978533140319251871e+00
1.978332938848065270e+00
1.977548125702240256e+00
1.978341562652042862e+00
1.977611669856710774e+00
1.977572024219526048e+00
1.978483059071354244e+00
1.978441266778652174e+00
1.977466061975541756e+00
1.978537799382070084e+00
1.977857166047542137e+00
1.977967029433940649e+00
1.977913501132268603e+00
1.978343613103331178e+00
1.977803126319895410e+00
1.978026492592880770e+00
1.978467093435720914e+00
1.978539230395723880e+00
1.978381668670719185e+00
1.977805556950455790e+00
1.978546527412153200e+00
1.977871024852555726e+00
1.977329157259819059e+00
1.978749605609334328e+00
1.978698701293015727e+00
1.978538499960286412e+00
1.978098338328163175e+00
1.978757101994418566e+00
1.978775015241072577e+00
1.978757279275246361e+00
1.978821251388837466e+00
1.978244850873850602e+00
1.978942799357724658e+00
1.979085732319740165e+00
1.978888904993203690e+00
1.978677738438827438e+00
1.979119576223090204e+00
1.979104337885909448e+00
1.977820720359483531e+00
1.979138523052718091e+00
1.980887770702968620e+00
1.979019958014174518e+00
1.979055995451004302e+00
1.979062621247171805e+00
1.978790962161310674e+00
1.979253046011854922e+00
1.979177577033499613e+00
1.979182175461870363e+00
1.979311351559941867e+00
1.978943381010432212e+00
1.979173748089498419e+00
1.979159990639565825e+00
1.979440269018243548e+00
1.979272361248301415e+00
1.979546641452339717e+00
1.979278588750775336e+00
1.979629556303125870e+00
1.979343230400592901e+00
1.979648423338092877e+00
1.978467293684778694e+00
1.979563405722598368e+00
1.979596556575103250e+00
1.978965484085499549e+00
1.979465711307896392e+00
1.979566444677032244e+00
1.979507989872740570e+00
1.983446204338733088e+00
1.987089341981199020e+00
1.989933092394316372e+00
1.993551148046095234e+00
1.997788769699782918e+00
2.000257746351381982e+00
2.003744766641563313e+00
2.007246162637455367e+00
2.010021088883536144e+00
2.012777424582873120e+00
2.015689514135609262e+00
2.017894087854579688e+00
2.020964328604918148e+00
2.022426351315075532e+00
2.024780041295864752e+00
2.027860881345231459e+00
2.029928892613713565e+00
2.032407477506999793e+00
2.034405051181045643e+00
2.037181565012732065e+00
2.038586642992062270e+00
2.039822626256309501e+00
2.040974189014434614e+00
2.043282590781846153e+00
2.044699464587544036e+00
2.046626405798669168e+00
2.047886031507529569e+00
2.049373720393610210e+00
2.051598362366393147e+00
2.051687481347211683e+00
2.053281246808871252e+00
2.055400294036622721e+00
2.055944644329344317e+00
2.057167817545887178e+00
2.057971665594982902e+00
2.061132809461252435e+00
2.061061946628112818e+00
2.061895791000566192e+00
2.062768335418392329e+00
2.064017037263536025e+00
2.064537789814393953e+00
2.065365949197138118e+00
2.065212849820465824e+00
2.067164336039169825e+00
2.066953128368932191e+00
2.068527484621436763e+00
2.069152488904260956e+00
2.069655554939882958e+00
2.070325523539287893e+00
2.070918899789574219e+00
2.072643826528751010e+00
2.071903798860565526e+00
2.072373951270688686e+00
2.072483584929107892e+00
2.072805150328335344e+00
2.073551397972714483e+00
2.075372977247653239e+00
2.074312042139656143e+00
2.074234731734325266e+00
2.069620208590474242e+00
2.056610627076560949e+00
2.037846275589364264e+00
2.015246524256786298e+00
1.990128781203831743e+00
1.965211597447980907e+00
1.935144045640309507e+00
1.905738004142397690e+00
1.876841091480890178e+00
1.847534583240028949e+00
1.819659554382795141e+00
1.787499198448268212e+00
1.759143893606967213e+00
1.729730375180275947e+00
1.700895557588941287e+00
1.673431663986262530e+00
1.646245651573207569e+00
1.618878741793124965e+00
1.593270103063255894e+00
1.567450078932815405e+00
1.542001506028817692e+00
1.517886098579797727e+00
1.494241943974788933e+00
1.470996313969803682e+00
1.448475144004556014e+00
1.426390086095488119e+00
1.404894316229051254e+00
1.384083237863801052e+00
1.364151143914096753e+00
1.343943963771277339e+00
1.324404636464633578e+00
1.305551349980928144e+00
1.287575418402781668e+00
1.269774648298333641e+00
1.252492762813378624e+00
1.235377235894833836e+00
1.218930740009803726e+00
1.203172029546615729e+00
1.187573646558607310e+00
1.172396757657119259e+00
1.157576708289155709e+00
1.143110956807997125e+00
1.129028261305055292e+00
1.115309217209507819e+00
1.101944132065065363e+00
1.088891265725860702e+00
7.732662313985489977e-01
5.974562245800617566e-01
4.911557974164248996e-01
4.225309365011170604e-01
3.757466077150765082e-01
3.424377319288722799e-01
3.178805463034401479e-01
2.992900641238320780e-01
2.847768578221184788e-01
2.733310861619961951e-01
2.640894339520443723e-01
2.565740522415435043e-01
2.503432364564064372e-01
2.451697304626611340e-01
2.407679447197542955e-01
2.370447193152346310e-01
2.338728516929184376e-01
2.311355627942937863e-01
2.287649924092578502e-01
2.267151090606447095e-01
2.249092044061609397e-01
2.233292106671253274e-01
2.219404834155643547e-01
2.207127356825048792e-01
2.196206701062431155e-01
2.186525782420218056e-01
2.177911329993446610e-01
2.170236802797324005e-01
2.163339275967644526e-01
2.157211468453571757e-01
