9.444634130572400477e-03
3.049529577151034732e-02
5.981667559592623862e-02
9.418021197311315929e-02
1.315060986559949130e-01
1.611377830052924953e-01
1.802363645056112851e-01
1.917434023640005314e-01
1.986496033780671688e-01
2.028978377779679931e-01
2.028960652081349125e-01
2.029016331433931564e-01
2.028967346003959227e-01
2.029049062471561249e-01
2.029215859996701954e-01
2.029223717522311010e-01
2.028978331201675145e-01
2.029140573378236390e-01
4.120868827014423919e-01
7.223869135940930164e-01
1.033471395092146583e+00
1.333643613847778076e+00
1.627528687929920670e+00
1.909099986998744169e+00
2.171863356053314931e+00
2.399099650317146892e+00
2.382287996790105833e+00
2.342343531701437165e+00
2.291207412336852656e+00
2.243916276179837688e+00
2.196721377746110981e+00
2.155909689814135888e+00
2.123044798387955900e+00
2.091248232367381998e+00
2.068013874409721176e+00
2.052305945598274395e+00
2.034481549276127677e+00
2.022708460978684730e+00
2.011903301651924991e+00
2.005051514397742984e+00
1.999344881696814236e+00
1.992672511936013802e+00
1.990128121544123108e+00
1.988078489607353561e+00
1.985569086937112093e+00
1.982993567777749933e+00
1.982173780730588808e+00
1.981569986014237728e+00
1.982938578922117223e+00
1.980953033686072340e+00
1.981157391566478410e+00
1.978878990164853358e+00
1.978438017784232672e+00
1.979239998387833266e+00
1.978246662314675275e+00
1.978930047310012430e+00
1.979121469808115652e+00
1.978270760080238722e+00
1.978901261279859325e+00
1.978037040768352961e+00
1.979533053413939259e+00
1.978213592112693320e+00
1.978413496832527096e+00
1.978478912588290894e+00
1.978367706164231521e+00
1.977369001671391180e+00
1.977045913066940663e+00
1.977298169902405700e+00
1.977423521551519903e+00
1.977511000027990518e+00
1.978330766582624411e+00
1.978434089189210265e+00
1.977375938653178400e+00
1.978359072366171700e+00
1.977647694585823679e+00
1.977847107993598641e+00
1.977339996770191677e+00
1.979466772316757606e+00
1.978266365273523286e+00
1.977233677525282340e+00
1.978490440647316273e+00
1.978506648778650456e+00
1.977884810873159482e+00
1.978937123709815671e+00
1.978440174657712047e+00
1.978577320575287457e+00
1.977986075775509667e+00
1.977446430683998724e+00
1.979678362876754028e+00
1.978632121586675563e+00
1.978807612443549191e+00
1.977969594021023569e+00
1.978636225287129902e+00
1.978787650770563067e+00
1.977763405311428802e+00
1.979967938053815102e+00
1.977619236875451048e+00
1.978743957025079769e+00
1.978626862633683592e+00
1.978640295712912334e+00
1.978582134352394384e+00
1.977268384984827598e+00
1.979352925425900800e+00
1.977974799152055541e+00
1.979248524278810262e+00
1.977817531992053901e+00
1.977939481711458392e+00
1.977680119494394262e+00
1.979185580992052440e+00
1.978435043428779183e+00
1.978493085457352363e+00
1.978741889577168456e+00
1.979322257941752872e+00
1.978009275453771920e+00
1.979134427061026491e+00
1.978306068716914279e+00
1.979029604322741775e+00
1.980422189606692696e+00
1.979412611669415734e+00
1.979220527384613737e+00
1.978695266984621615e+00
1.979195011561786233e+00
1.979005419165677182e+00
1.978810168488500443e+00
1.979478840548236862e+00
1.979351541115888846e+00
1.979195985990499285e+00
1.978077006185913644e+00
1.979625323985429786e+00
1.979634024096338818e+00
1.981719218317153475e+00
1.982109585315873224e+00
1.978542818921108504e+00
1.979507572611688859e+00
1.984898745192264835e+00
1.987110663889629203e+00
1.989349030523683393e+00
1.993455167071991108e+00
1.998787017087550799e+00
1.999798553245788035e+00
2.004844315780715647e+00
2.008623792392726592e+00
2.009065030641602689e+00
2.014501709483937919e+00
2.015873836485576831e+00
2.017422262892420548e+00
2.020198807839520327e+00
2.023355472901612995e+00
2.025556330350702261e+00
2.028569285779096898e+00
2.030228800654327426e+00
2.032163677949426095e+00
2.033444562607183759e+00
2.037127943928776386e+00
2.038416133561128163e+00
2.041511771937387643e+00
2.041718855535345600e+00
2.045290694468091086e+00
2.047821526157341587e+00
2.046090292894050755e+00
2.048034188483490503e+00
2.050345949316269678e+00
2.052700491209995537e+00
2.052840626091621434e+00
2.053959415443699754e+00
2.054949494780269781e+00
2.056405619916731098e+00
2.057198835918885749e+00
2.059334632302122436e+00
2.060626078225107349e+00
2.061190439347551528e+00
2.062106061601560736e+00
2.063780453869124010e+00
2.062903382940600938e+00
2.065664715959056430e+00
2.067316782703660039e+00
2.066150059091848679e+00
2.066900610677224748e+00
2.067978991013253331e+00
2.068285867916695331e+00
2.071449492358983679e+00
2.069292757142434436e+00
2.069714855752724958e+00
2.069551276072276291e+00
2.071265913498264499e+00
2.071278504443601953e+00
2.073650134896732222e+00
2.071803775602466757e+00
2.074683432684516937e+00
2.075649140514177926e+00
2.075516091429008281e+00
2.073221367378916824e+00
2.074005615594364471e+00
2.071305349192529288e+00
2.059292581248016507e+00
2.037669853339939774e+00
2.015062279607075624e+00
1.990292544870166047e+00
1.963199531214147697e+00
1.934989895424752859e+00
1.905796389070234520e+00
1.878770272931803875e+00
1.847132454419322389e+00
1.818083372465052250e+00
1.789289766014287242e+00
1.758852699883772797e+00
1.729581458166103092e+00
1.701590499708765636e+00
