9.444584189842182564e-03
3.049231893962272427e-02
5.981833776514034612e-02
9.418406375366282501e-02
1.315043959710249233e-01
1.611313680579463947e-01
1.802313077635186722e-01
1.917761694032655562e-01
1.986472992341870858e-01
2.028968386441435678e-01
2.028987440468441317e-01
2.028941274289444985e-01
2.028905581992257456e-01
2.028955523634030089e-01
2.028905299642861926e-01
2.028968391247350234e-01
2.028897979715980626e-01
2.028880430009087077e-01
4.189595118375095684e-01
7.335274228976705890e-01
1.042545842638880504e+00
1.342355190630830419e+00
1.635084630236483871e+00
1.900328697387193344e+00
2.124240757338776042e+00
2.298884807592969537e+00
2.314477680203691268e+00
2.299038758503273883e+00
2.268686952280741131e+00
2.233263484925395836e+00
2.194952871665594163e+00
2.155261658908949940e+00
2.122541056030543327e+00
2.092951914812384295e+00
2.069505230706175425e+00
2.050798253992162312e+00
2.034403471867610946e+00
2.023483459555415642e+00
2.012449751350290583e+00
2.005658581103677118e+00
1.999916518847282054e+00
1.993501098926562243e+00
1.991302559392604365e+00
1.987660102716956478e+00
1.986130950707144516e+00
1.984492934584190627e+00
1.983004438703476868e+00
1.981301919820003254e+00
1.980775413281268049e+00
1.979555214108926986e+00
1.979672367262289789e+00
1.980030239078919507e+00
1.981362968564980953e+00
1.978703199522054090e+00
1.978389096501997901e+00
1.977762607582176368e+00
1.978822768796252518e+00
1.978903776292149974e+00
1.977552393383013696e+00
1.977797617218322257e+00
1.978760884806193499e+00
1.977516610680071008e+00
1.978572867526667833e+00
1.977362655909440603e+00
1.977683842925036073e+00
1.978355966201092997e+00
1.977384469134427780e+00
1.977662952581011657e+00
1.978530032326420107e+00
1.978182338032058896e+00
1.978245438968782022e+00
1.978405750672371344e+00
1.977518333856808974e+00
1.978204580146434077e+00
1.977266715965928512e+00
1.977834719703313260e+00
1.977358936881849605e+00
1.977431893306498711e+00
1.977602742118447221e+00
1.978597663606204593e+00
1.978792050326305008e+00
1.978500951195898416e+00
1.977538177111901607e+00
1.978540273310888775e+00
1.977586475827685542e+00
1.978571122535447868e+00
1.978649276308833915e+00
1.978700363316214794e+00
1.977724820491073121e+00
1.978598753970150614e+00
1.978725139861842841e+00
1.978675086672461836e+00
1.978008756414328939e+00
1.978731314409547970e+00
1.978925174488426864e+00
1.978935109645843626e+00
1.978764875514430255e+00
1.978831932152493422e+00
1.978008017491061921e+00
1.978905381243728501e+00
1.978725370874523382e+00
1.978873544697949072e+00
1.978669775427110089e+00
1.979149752895419390e+00
1.978579912065058899e+00
1.979154252198892072e+00
1.978975687900677904e+00
1.978990996037267802e+00
1.978934911359382598e+00
1.979032023711368993e+00
1.979020410952407660e+00
1.979057633080681278e+00
1.979144829878442202e+00
1.979107608836836452e+00
1.979125253853103228e+00
1.979449544643596015e+00
1.979170357149013793e+00
1.979248139977652698e+00
1.979633681130502421e+00
1.979231488257473970e+00
1.978475655519740695e+00
1.978173969260953680e+00
1.979592806740897215e+00
1.979234718078828559e+00
1.978678722310997395e+00
1.979345833370702135e+00
1.979532724949616629e+00
1.979399472864037168e+00
1.977042937707925496e+00
1.979413652874467022e+00
1.979758082682391507e+00
1.979486570002161328e+00
1.979352312434710326e+00
1.979693783569183463e+00
1.983558045067300268e+00
1.987401313062089114e+00
1.990715379061202883e+00
1.993878529883213568e+00
1.997809735764232819e+00
2.000775535958852380e+00
2.004015887768868964e+00
2.006946023577999227e+00
2.010054263333156843e+00
2.012894287001856242e+00
2.015488486670450552e+00
2.018336457783922899e+00
2.020742873020573427e+00
2.023067942770077732e+00
2.025603749612016724e+00
2.028258062194055356e+00
2.030151984633641771e+00
2.032563418969905555e+00
2.034403985809684734e+00
2.036349587625038371e+00
2.038275115256344083e+00
2.040285024575985151e+00
2.042185876337032191e+00
2.043627616054110696e+00
2.045412276982491839e+00
2.046938062228085720e+00
2.048429085471668021e+00
2.050178534327013580e+00
2.050231786090503494e+00
2.051803270760923503e+00
2.054015006824416734e+00
2.056619514044648600e+00
2.056748299599812313e+00
2.057648512112201011e+00
2.058842836727231340e+00
2.060056997652673694e+00
2.061035030543238111e+00
2.061510255473697928e+00
2.062786501331436373e+00
2.062887228861278732e+00
2.064559968992292660e+00
2.065669188326712646e+00
2.065620325960029202e+00
2.067204140112577360e+00
2.067416776343086848e+00
2.068275006830090135e+00
2.069003657507435090e+00
2.069769186298120012e+00
2.070122466467525513e+00
2.072085649460736700e+00
2.070186882213415736e+00
2.071868960748262101e+00
2.072200903457600774e+00
2.071665824152078450e+00
2.073203623361453474e+00
2.073712543181645440e+00
2.073624782761784413e+00
2.074217025335840070e+00
2.073938431121784109e+00
2.069604735757742731e+00
2.056632565654002320e+00
2.037486668342712637e+00
2.014931773749310207e+00
1.989203706532405524e+00
1.963091899501846260e+00
1.934988474652751034e+00
1.906090433335951184e+00
1.876446889211553559e+00
1.847142534357918864e+00
1.817500750628745498e+00
1.788070379522040509e+00
1.758908369945368921e+00
1.730080110222118606e+00
1.701178549937549800e+00
1.673662341146787691e+00
1.646325780605204736e+00
1.619500909752932261e+00
1.593219130637829828e+00
1.567470258228034874e+00
1.542531114725673058e+00
1.518095322611972442e+00
1.494278288100761465e+00
1.471597980122757887e+00
1.448480848676990229e+00
1.426411407062226244e+00
1.404906332674032976e+00
1.384068013820193066e+00
1.363338403292843060e+00
1.343945982492678715e+00
1.324665593308867573e+00
1.305869714104176404e+00
1.287623108574728947e+00
1.269816742714293678e+00
1.252484700970486919e+00
1.235618226633256267e+00
1.219194953613823129e+00
1.203202542622367588e+00
1.187614274403729464e+00
1.172397447773295465e+00
1.157582811362788178e+00
1.143120889002901652e+00
1.129060657224352227e+00
1.115318162569900240e+00
1.101812418668665083e+00
1.088892012594520953e+00
7.732444017846528128e-01
5.974082203331915197e-01
4.911637291966626795e-01
4.224637851973218061e-01
3.756908392022141885e-01
3.423775601856789419e-01
3.178363071026921172e-01
2.992177247358862591e-01
2.847653498004628081e-01
2.733223223402654334e-01
2.640994852599927167e-01
2.565727760488383247e-01
2.503547048233185635e-01
2.451619985881353103e-01
2.407843587842238842e-01
2.370685976219938096e-01
2.338902869209606439e-01
2.311507806248881691e-01
2.287847753908801851e-01
2.267291043567676578e-01
2.249226953467836354e-01
2.233438378962310789e-01
2.219520162350402948e-01
2.207084264468459900e-01
2.196392073984153315e-01
2.186612686256014515e-01
2.178036139827760620e-01
2.170303108138145476e-01
2.163399131451214652e-01
2.157361807224995598e-01
